1.10354
1.91229
2.73136
2.05698
2.50121
1.34768
1.56564
2.35203
2.84478
0.678376
2.02329
2.45487
2.26998
1.75888
2.42591
2.74366
1.2566
2.88524
1.2488
2.79161
3.27635
1.8042
1.59822
2.69648
2.09465
1.49072
3.98541
2.37127
0.57982
1.37032
1.37499
1.95088
2.79748
2.19658
3.46842
1.1209
1.63447
2.58054
1.49505
0.684534
1.59481
2.66933
3.65921
2.40742
0.976334
2.27379
2.66661
0.7036
2.08796
2.93246
1.55053
2.89482
2.1375
1.45124
1.79556
0.583695
2.77028
2.1422
2.34054
2.20047
2.01112
0.727733
2.68082
2.95328
2.74839
1.96371
2.02694
1.63674
2.72661
1.83086
2.55215
3.9819
2.9821
2.97927
1.6355
2.23525
2.21998
-0.945883
2.78092
1.81213
1.49621
1.98797
1.84852
2.31854
1.85638
2.21319
2.29313
2.58601
1.61346
2.95759
3.45136
1.19525
0.654272
3.51989
1.6055
1.75539
3.96262
3.23717
1.52472
3.00026
2.50989
1.89574
2.52921
2.63193
2.2528
2.57087
2.89894
1.48238
3.40597
1.78151
2.93072
0.935986
1.6932
2.86575
1.36126
1.37234
2.99174
2.76378
1.67825
2.74883
2.06114
2.54602
1.92582
3.42157
1.42193
0.532851
2.35592
2.86939
1.27645
2.72516
3.56744
2.01636
1.53112
1.10512
3.05609
1.45902
2.85692
1.76517
4.09174
1.33574
2.61848
2.89769
1.93439
2.93015
0.747902
1.96694
2.29236
2.45906
1.07798
2.1128
1.31746
4.47049
2.86401
3.63748
2.04272
2.20518
3.3574
2.75345
2.15821
2.76835
3.45039
2.51959
1.79998
2.07914
2.24679
2.94237
3.2448
3.38049
3.09376
1.41469
1.58299
2.88634
1.07435
2.06255
2.28019
2.9882
-0.0433016
1.9431
2.49336
2.08241
0.509425
2.69201
1.94943
1.34489
1.94063
1.68081
2.361
3.64184
2.00833
2.79958
2.80035
3.44785
1.80183
1.88404
1.36832
2.84378
2.84885
2.23259
1.30084
1.42875
2.01662
1.23681
2.36823
1.146
3.18229
3.21002
3.12157
2.79103
2.37056
1.71743
1.07317
1.58032
3.40815
3.9311
2.35171
1.44762
2.88627
2.80996
1.2163
2.12802
1.66926
3.03348
1.63079
1.12888
3.40378
2.21051
2.57873
2.4256
1.94405
2.51946
2.11026
2.34575
2.34615
1.78171
2.68327
2.68299
2.88751
3.03531
1.20836
2.05302
0.830161
4.15645
3.03666
2.39923
2.59223
2.8861
1.0039
1.72018
2.6376
1.20978
1.63644
1.64159
2.51535
1.91485
2.48992
1.89833
2.50995
2.5507
1.94396
2.9977
2.44224
3.02762
2.64195
3.05712
2.00025
1.97618
0.921633
2.07304
0.996715
2.08107
1.71605
3.47389
2.50155
0.672129
2.77451
2.12261
2.99789
2.23381
1.13404
3.42734
2.83615
0.662952
4.05166
2.34388
4.17402
0.952099
1.79192
2.52871
3.19984
2.3072
0.88487
1.77343
3.50322
3.03315
1.11998
2.13213
1.4913
2.10328
1.52556
2.08748
3.02732
2.05761
1.53316
1.73937
1.30489
1.59806
2.72455
2.89674
2.13155
4.00837
3.75681
1.99664
1.12004
2.96203
2.4991
1.96678
1.97374
2.26372
2.34806
1.71722
2.03161
2.76233
2.66464
2.04498
2.74496
1.80924
2.65396
2.75215
3.18615
2.43654
2.83272
3.55553
2.81703
2.25293
3.02336
3.32527
1.82414
2.38772
1.32179
2.07146
3.1969
2.83985
3.13877
1.5101
2.24064
2.21127
2.99284
3.34013
1.98625
2.25338
1.49811
2.4639
1.81405
3.40671
2.58971
3.54885
4.08742
2.94367
2.86777
0.818542
1.50936
2.65148
1.72526
2.72231
1.96778
2.41726
2.38636
2.23486
2.47013
2.23936
0.984334
1.12144
2.75263
1.57593
1.95424
2.62925
2.5737
3.83074
2.3018
1.99313
2.82154
1.97076
0.163851
2.93423
2.90337
2.058
1.95139
2.07406
1.56816
3.21147
3.32588
2.95975
1.70152
2.86645
2.00324
3.40287
2.36576
1.43431
2.06158
1.42728
2.01163
1.81452
3.15052
2.08803
3.06827
3.28522
1.93339
2.8268
3.72981
2.3221
1.93579
1.68159
1.73219
2.64543
1.48853
2.70219
2.29996
4.83405
2.67708
2.49627
2.6077
3.3575
1.73491
2.58943
2.25771
2.99301
1.59545
0.902962
1.80142
0.295278
3.0148
1.30975
1.69349
1.52193
2.42887
1.40243
3.16762
2.19574
2.19025
2.82304
1.43879
0.674179
2.97633
2.31881
1.20918
2.65781
2.38893
1.93008
1.9966
1.74477
3.48895
3.57275
2.88538
2.54391
1.73716
1.71159
2.08507
2.49782
3.30596
2.38139
1.39699
2.29665
1.19713
1.3688
1.49093
1.74471
1.93552
1.69866
0.374281
2.78953
2.4145
2.33685
1.6867
2.23001
2.57033
2.27661
3.06106
0.668613
2.15593
2.49077
2.95832
2.55179
0.559893
2.26771
1.42349
2.26278
1.1178
1.25441
2.14932
1.85711
3.04225
2.57357
1.88423
1.46686
2.27639
3.00574
2.28063
2.8276
3.62951
2.91101
1.92522
1.59265
2.19605
3.01585
1.9038
2.93868
1.28353
3.09571
3.95409
2.44692
3.84485
2.49267
0.514916
1.27019
3.51984
2.53061
2.30778
1.72259
2.3502
1.57919
1.97005
0.595968
2.49871
3.20063
2.43768
2.68669
2.00525
1.62341
1.00156
2.26156
1.89604
0.769799
2.41506
1.0892
2.44067
0.921957
1.28834
1.62605
2.77388
2.37583
2.10078
3.35615
2.10772
1.61128
1.81329
2.81622
2.54794
3.1521
3.08896
2.70858
1.5368
2.50251
1.54465
3.56541
2.49206
3.12154
1.27683
1.08699
1.36517
2.64944
2.42802
2.09294
2.95806
1.58111
1.68501
3.25659
1.90584
3.35667
2.12751
0.758045
2.88861
1.6347
2.00303
2.65999
3.01536
2.4623
1.75376
0.270867
1.80803
2.54554
2.34094
1.8781
2.24602
3.26083
2.31184
3.25
1.89784
2.3332
2.36067
3.27018
2.70757
2.51671
1.42696
2.29407
1.86731
1.73818
1.77593
0.458033
1.87964
3.32151
2.61307
1.72043
4.75958
3.0932
0.628725
2.15279
3.27739
1.66115
0.991308
3.30015
1.56986
2.77688
3.5178
2.34061
2.42035
2.96768
1.36041
3.77631
2.0221
3.40037
1.56888
2.80119
1.89386
1.49704
2.78047
1.97843
2.49511
2.85626
0.547174
2.41491
1.93934
1.89866
2.75572
0.563906
2.25874
0.906399
2.41194
0.833379
2.13308
1.62766
0.559794
1.64507
2.12964
3.25282
2.40389
1.91573
2.27695
3.03977
1.99062
3.29087
2.70118
1.28125
2.45013
1.82386
2.16707
2.32962
1.26861
2.22321
2.4471
1.79334
2.65658
1.809
1.07551
2.28821
2.39891
2.39169
2.75641
2.60914
1.87518
2.02328
2.98489
2.05184
2.08028
2.53527
1.42743
2.40213
1.28052
1.25496
3.60677
0.912037
1.99841
2.00901
2.30914
2.77825
3.39186
1.53829
2.57536
1.00706
3.14003
2.36341
1.36353
1.5739
3.47438
2.9924
2.73162
1.49678
2.93937
1.73478
1.43032
3.43459
1.47389
0.949547
3.41353
3.36097
2.18628
1.72752
2.4779
2.43279
2.16732
0.806377
2.87554
2.71213
1.92158
1.19571
2.23265
2.44724
2.1709
2.22418
4.16956
4.22517
2.01521
1.93512
2.73858
1.73134
2.91385
1.47481
1.79339
2.04676
2.13747
1.6955
0.760031
1.55854
1.66457
1.63027
1.63812
1.47009
2.32897
2.47554
1.25939
2.3591
3.92075
2.53561
2.55986
1.17884
4.03457
3.87002
3.61747
0.533254
2.4884
2.78575
0.472486
2.78244
1.87076
2.42742
3.01743
2.46781
2.11083
1.50897
0.892286
2.07105
1.60169
2.00425
2.21243
2.99443
0.71411
1.50692
0.819186
2.2526
2.84957
0.65437
2.3945
2.24116
4.11244
1.01822
2.90686
1.66856
3.2831
3.07237
3.1216
2.77403
2.52443
2.94582
2.32718
2.03288
3.92038
2.50053
0.533744
1.96142
1.48613
1.80262
2.12826
0.95889
0.917562
2.56263
3.38872
1.98656
3.54632
0.962091
0.977143
1.22784
2.71826
2.34551
2.76909
2.0936
3.93319
1.36329
3.0426
2.98192
2.97619
1.06484
4.26557
2.86704
3.01745
1.31741
2.94816
0.850309
2.75205
2.76225
2.30991
3.10628
2.77861
3.03621
2.35743
0.70051
1.97181
0.794181
2.7884
1.88682
1.43743
1.24738
1.9941
2.75606
2.26037
1.85372
2.95214
1.56715
1.99315
0.565583
1.00394
2.35387
2.25978
1.91945
3.69431
0.49157
1.52213
2.72835
2.51099
3.33107
0.866119
3.36532
1.78319
1.85045
3.78494
1.22039
1.73287
2.00911
2.89884
2.30448
3.13838
1.33118
0.690205
2.2851
2.43961
2.92268
2.41509
1.69447
1.39972
3.01602
2.14312
3.48528
0.746229
3.01541
1.19951
2.79848
3.10087
2.44252
1.9039
3.32777
1.6606
2.55711
2.73323
1.30031
2.18779
3.15434
3.29295
2.6971
2.09328
2.04541
0.799737
2.30961
0.827266
1.52151
2.0767
2.93088
1.53248
3.18039
1.70961
1.93178
3.9912
1.74765
2.0323
1.49289
2.87144
1.94817
3.06345
0.605806
2.24803
3.33149
2.72246
0.466391
0.922946
2.07867
1.42487
1.4994
2.78646
1.54237
2.55737
2.16947
1.74443
2.13795
2.74123
2.00931
2.00553
2.08607
1.74012
1.36124
3.29565
1.57326
1.41398
1.59506
1.54336
2.08213
3.83898
2.64316
2.23799
1.66573
0.919949
2.18341
1.2465
0.03188
1.21083
1.58272
2.48954
2.62281
2.31704
0.0892372
3.23893
1.99217
2.62658
1.9241
1.81239
1.26779
3.31956
1.42694
1.64746
0.929751
1.53937
1.97314
3.2336
2.01669
2.21317
2.41417
2.31095
2.96576
2.42627
1.91465
2.72617
2.92062
0.899732
3.84423
2.0632
1.37388
2.26998
2.33978
0.473685
2.2141
1.16063
3.65432
2.63406
0.727336
4.25309
1.56228
3.79656
2.12987
2.07162
1.18104
2.24227
2.49488
1.74701
2.94942
1.59046
1.62628
2.63832
4.07801
2.08877
1.60492
3.79478
1.20263
1.92188
2.95057
2.33869
2.04981
3.52677
2.81362
2.85454
1.09154
1.6301
1.97694
2.03781
1.39115
1.68577
1.88219
1.80633
2.27925
1.71322
3.18102
3.44541
2.95527
1.42743
2.0221
0.963403
3.04946
2.17558
2.77502
1.79845
2.62178
2.01128
1.18019
2.3971
2.09092
2.17042
2.20061
4.3216
1.47713
2.79274
2.96031
1.32259
1.19857
1.97901
1.83691
4.34771
1.96614
3.25049
2.83994
2.44822
2.48781
0.734147
2.69726
1.70109
1.79829
4.40283
3.63147
1.829
4.13367
1.22105
4.59601
1.52681
2.98737
2.77475
1.79564
2.82666
1.70797
2.76108
3.06919
2.40777
1.5217
1.79306
1.00419
2.19012
1.4786
3.14818
2.49622
1.36955
0.966293
2.50993
2.71184
2.58367
1.42413
1.56628
2.76368
2.53131
2.82586
2.63576
2.68155
3.34726
2.47678
2.36676
1.79874
1.80159
1.8993
2.24658
2.35689
2.60492
2.29996
2.42667
2.27816
2.63003
3.38944
3.05437
3.21767
1.84359
2.07571
3.65064
1.55445
2.16889
1.21149
2.50133
1.99541
2.56474
1.87185
1.98666
2.1167
3.50118
3.13523
1.23254
2.65971
3.36961
2.61604
2.17941
1.89329
3.13185
1.38878
1.45979
2.44749
2.7089
3.74543
2.64298
1.79761
1.62611
1.88203
1.57893
0.501935
0.820575
2.42297
3.46299
2.0927
2.94966
1.03294
2.52427
0.413647
2.11607
3.38651
2.56702
1.16827
2.78865
2.38308
2.49446
2.5907
0.653668
2.07639
1.21921
1.71332
2.04977
3.22023
3.19665
3.48748
1.57524
2.78619
2.08317
2.95057
1.21364
2.10657
1.50751
3.72356
1.51689
3.0047
2.91924
4.20341
2.47025
1.23476
2.9145
1.60911
2.0041
1.64565
1.69971
1.07204
2.15976
0.841748
2.04087
1.72762
3.13936
2.04386
2.64261
2.46171
4.01855
1.39977
2.48699
1.3651
3.28235
2.59745
0.903821
1.53913
3.05992
1.69347
1.55836
1.65861
1.05787
2.47627
3.14432
3.20573
4.02218
2.25951
2.66818
1.71707
2.33738
1.18896
2.58355
3.01479
1.53369
1.99183
1.019
3.51201
2.19015
1.22537
0.464767
1.81987
1.02687
0.742492
1.55251
2.61165
1.30805
2.0952
1.63056
1.57442
3.37531
2.2037
2.68519
3.33014
1.72705
1.79558
2.3247
0.986827
1.04033
2.43354
2.24159
1.06292
1.26701
2.72342
1.29357
1.8469
1.56344
0.991062
1.61445
2.15961
1.19629
-0.162558
1.42697
3.39289
2.03582
3.36716
1.54387
2.72535
2.39767
1.97222
3.73421
1.38758
3.2607
2.96286
1.13441
2.14047
0.977108
2.75201
1.8218
3.69997
2.93429
3.71944
2.98402
2.18178
2.65683
1.80197
2.56749
2.40166
3.27806
2.59028
2.61503
2.82837
2.56943
3.24882
1.15612
2.21035
2.4809
1.17668
4.20169
2.40065
1.2449
1.69981
2.72879
2.00394
2.0933
2.86992
2.19864
1.51353
2.33628
3.17521
2.68781
3.21705
1.14362
4.01626
1.18851
3.12883
3.28911
1.8822
2.78803
2.55572
2.18956
4.37752
3.19751
2.42208
3.09638
2.20466
2.89853
2.42129
4.01203
3.40517
2.10522
2.47658
2.24251
2.33094
2.18711
1.94001
1.03371
0.332222
1.97485
2.62637
2.13059
2.71681
1.61281
2.45389
1.77342
1.98042
1.5351
2.13199
3.24274
2.64934
3.23089
2.11126
0.907216
1.50249
2.05822
0.828154
3.1711
2.10188
2.15295
0.819213
2.27514
1.64509
2.28664
3.25129
2.58843
1.25771
1.71315
-0.0867966
2.4637
2.32319
1.37098
2.73625
1.66663
2.59072
1.76499
1.32069
2.55546
2.56663
2.13241
3.55037
2.05747
3.10424
1.76251
2.43866
0.661353
2.06789
2.81934
1.75748
2.28651
0.726959
1.4904
2.49209
3.15202
1.35763
2.70762
2.81484
1.30195
2.69463
3.08869
1.31894
3.64341
2.5987
2.31566
1.84824
1.70688
1.71455
1.2752
2.80657
2.50025
2.82659
2.07916
1.94695
1.26945
1.73553
2.73955
1.50004
3.23726
1.44141
1.84749
2.07989
1.54107
2.42489
1.25291
0.891197
2.22918
1.74233
3.28291
2.91669
0.299155
0.213938
2.35847
1.44642
2.95061
2.08363
1.85861
2.04339
3.00385
2.24979
2.45884
1.76247
2.78944
3.60598
2.44811
2.21445
1.83956
2.55117
3.25123
1.70563
2.11133
2.58482
1.84472
2.44588
4.06432
2.53989
2.4455
2.66045
1.6489
1.93455
1.16704
2.04517
3.51035
2.75081
1.78119
1.92576
2.09134
3.7403
1.58053
3.0978
-0.159589
2.55397
1.67775
1.69646
2.89721
2.68723
2.39489
2.67486
1.38327
1.77807
3.11179
2.65088
2.8198
2.53659
1.29668
2.7522
2.43961
2.69193
2.22879
2.67669
1.56165
3.96966
0.816232
1.86174
2.23438
2.1051
2.74744
3.94051
2.52707
2.65636
1.62153
2.12737
2.91452
2.43522
2.50682
2.64405
1.42475
2.97564
1.44808
1.62179
2.64175
2.29902
1.22861
2.27739
1.71806
3.63544
3.1426
3.28194
2.18776
3.07297
1.78124
1.44504
4.113
1.79121
2.27747
2.31682
3.4914
2.74303
3.47794
2.28222
2.58549
1.73521
2.44201
2.16422
2.34032
2.05464
1.68739
2.92027
2.97401
3.31212
1.42333
2.75211
2.80478
2.95893
3.27192
1.0355
1.89709
3.47114
3.11333
0.977465
2.32124
1.01377
1.50911
3.44134
1.46943
2.92076
1.57795
2.06478
2.96182
2.48083
1.90821
2.43283
1.87654
3.27284
3.75356
2.65845
2.27874
1.72853
1.59484
1.88778
1.09936
2.73466
1.55547
2.04632
0.793664
0.729726
3.47276
2.05695
0.740489
2.52278
1.11869
2.19932
2.0056
3.06427
3.07113
0.978364
2.69695
3.00806
2.09761
2.62005
1.79994
1.18091
1.7025
3.05564
3.02185
2.58885
2.29733
3.65168
1.76175
1.93256
2.6341
0.212666
2.54588
1.02905
2.14281
0.299823
3.39973
1.94354
1.27837
1.54222
1.82536
1.93791
2.22205
1.02261
2.86445
0.718108
2.2891
3.92732
1.2018
4.84938
2.71203
2.39717
2.94166
1.82942
2.69388
1.52019
1.14357
1.67988
2.23187
2.48976
1.53579
2.55676
3.26145
1.58383
3.00252
3.48885
1.72501
2.9299
1.79507
1.19057
0.744559
1.84229
2.4574
1.78496
2.81664
2.51653
1.77535
2.29999
0.674763
2.50335
2.59329
0.92181
3.18311
2.81702
2.82188
1.40142
2.50033
3.15893
0.463729
1.87423
0.46121
2.28155
1.7138
1.54973
1.32792
1.68221
1.6456
0.798945
2.62113
1.87082
3.05043
0.857958
1.53586
1.58499
4.5311
1.63822
0.551789
2.48817
1.35558
2.03091
2.53467
2.22872
1.68222
1.65793
0.850699
2.96752
1.46665
1.26567
1.91976
3.54095
2.63793
2.13342
-0.0510817
2.362
3.34531
1.16047
0.790018
2.72713
1.72577
2.72367
1.21821
1.8946
1.68105
2.1841
2.39552
2.46943
1.44092
2.31311
2.40243
1.45186
3.33471
2.53814
2.10525
1.7941
3.14417
3.37281
3.55754
1.71744
2.11825
2.39648
3.19055
2.48849
2.64965
2.89862
2.05948
2.56064
1.16821
2.18388
1.49348
4.50036
2.6234
1.34114
3.04698
2.24871
2.4724
2.2297
1.32863
3.11292
2.99139
2.12075
2.12469
1.91386
3.86309
2.50144
1.9944
2.54362
3.39514
3.43485
2.89515
1.93228
2.95876
3.11927
1.89998
1.86836
2.96542
2.501
2.98649
1.87816
2.61036
2.29155
1.10108
1.62791
2.38915
1.1772
1.40842
3.03221
1.10477
3.76204
0.971857
2.47072
2.99042
2.50385
2.49734
1.91399
2.53194
1.02978
3.13098
1.26076
1.59249
1.87533
0.571737
2.8618
1.84377
2.65488
1.408
1.42144
2.69084
4.14166
3.36631
3.06945
3.07161
1.83039
1.64533
0.552981
4.56083
2.51539
2.94144
4.35301
2.69164
0.755064
2.2832
3.35966
3.35814
3.06702
1.00234
0.727624
2.82568
2.25839
1.39564
3.39892
1.73686
1.9553
1.77212
2.7933
2.09461
2.46948
1.35021
2.15081
2.14661
2.5052
2.2968
3.44218
3.31903
2.39004
2.43748
3.03354
2.4468
2.25657
3.29831
1.81433
1.67192
3.18624
2.18132
3.36525
1.72792
2.70429
1.11489
1.12695
2.17304
2.32298
3.14693
3.26885
2.64212
2.05777
2.38915
2.22837
0.650953
1.18862
2.10755
0.777513
3.93946
2.62415
1.68442
0.810568
1.98339
3.2797
1.45432
3.37064
1.9289
2.69519
2.4909
1.09477
2.04451
2.29683
2.201
2.21023
1.21131
1.51117
2.76717
1.75229
0.552866
1.4001
2.24831
1.72133
2.48233
2.7168
2.91004
3.06723
2.86163
1.82424
3.08142
1.00227
2.48433
1.36541
2.35554
1.88063
1.57591
2.47405
0.974143
3.00328
2.26344
2.48654
2.33592
1.63319
3.08324
1.75481
3.94127
2.35679
2.06093
2.85377
2.53726
2.65039
1.80306
2.26368
1.15622
0.92859
1.51998
1.62885
2.20846
3.5615
1.59821
1.48303
1.12011
0.712202
2.73182
2.09148
2.96621
2.368
2.18749
4.49484
2.24096
2.07396
1.34771
2.97318
1.36682
2.48621
3.12937
1.64362
0.725284
2.48937
2.28966
3.62674
0.959993
2.15877
0.942973
1.56634
0.162257
1.25181
1.67344
1.32094
2.21106
1.84102
3.23159
2.07318
2.53652
2.98074
1.64965
2.97607
2.02305
2.83695
1.91535
2.32478
2.58884
3.36868
2.53313
1.50149
1.87012
2.72726
1.54352
3.61912
2.54859
2.75778
1.92902
2.58695
2.14091
2.25413
2.93615
1.70622
2.29278
3.13668
2.14672
2.46791
2.95705
2.73655
2.1534
2.92746
2.74235
1.84686
0.893707
2.19753
2.30887
0.890625
0.444278
1.59216
1.83102
2.48605
2.78611
2.10627
2.54604
1.767
2.94496
1.90764
3.27921
3.5851
2.42632
1.46298
2.92955
2.3843
1.41416
3.51311
0.968074
2.38118
3.75016
1.97679
2.02822
1.18299
3.60941
2.00186
3.60214
0.846229
1.68501
3.1504
2.91117
3.20017
2.38076
1.61417
2.67106
2.60263
-0.39391
2.44924
0.87719
1.65275
2.60196
2.44715
2.76685
0.657109
2.32783
2.22673
2.95642
0.802451
2.36449
2.68829
2.39697
2.07606
2.73932
1.50245
2.87527
3.40237
2.46264
2.5643
2.59485
3.14944
1.8376
1.65911
0.404751
2.57701
3.74861
1.82137
1.63587
1.53737
2.13638
1.81223
2.15821
1.6656
1.67379
0.920609
0.87135
1.81515
1.70813
3.90184
1.11253
3.28649
1.85167
1.53474
1.36482
2.55812
2.59172
0.630318
2.90552
2.08483
1.53846
3.21297
0.199456
3.05207
1.6294
1.5251
3.39316
2.18197
2.26581
1.83684
0.904328
2.03603
2.1266
2.71441
1.66969
0.0488553
2.25898
1.83165
1.97047
3.42253
1.70214
2.82268
2.97769
0.46735
2.42652
2.8833
0.903625
1.85931
2.56026
1.59921
2.19991
1.98089
2.96926
1.53434
0.890692
1.71992
2.13885
2.63627
2.27797
3.08971
1.0621
1.06028
2.56204
2.60817
2.07203
2.96412
2.58806
1.9734
2.84235
3.00461
3.08043
1.53764
2.7024
2.67989
2.85325
2.55517
1.86995
2.9594
1.80556
1.41997
1.67688
2.25868
1.32214
2.90711
2.1987
2.13974
1.39063
1.71919
1.54773
1.57597
2.12769
3.91097
0.696483
2.24825
1.21423
3.03392
1.08207
2.60998
3.35052
2.44803
2.88545
2.15775
1.78374
1.78556
3.66885
3.26369
0.533391
1.64814
2.77523
1.71724
1.36046
2.01503
0.224893
1.32162
2.15674
1.5984
2.79707
2.7577
3.3053
2.59241
2.64712
2.85834
1.83374
0.853179
2.65265
2.27731
2.00259
2.54887
3.82678
2.0469
1.95891
2.28653
1.74967
2.6489
1.01082
2.83523
1.37766
2.40671
1.70227
2.19001
2.36634
0.547542
1.68144
1.99607
4.42074
3.68414
2.87555
2.52954
1.41099
3.25937
1.1707
2.70636
1.57803
2.15454
2.17711
1.74543
2.26879
0.632158
0.938782
2.63745
1.50909
1.79172
3.35164
3.37283
0.671752
2.97716
2.64841
2.09267
1.71701
2.0241
2.03348
2.86698
0.418231
1.43364
1.06915
1.99768
1.31087
1.64903
2.45004
2.04942
2.19323
2.94509
2.54872
2.82359
2.99285
4.27155
2.62355
1.65893
1.26153
2.31639
1.86153
2.4149
1.97077
2.98455
2.45708
2.29221
0.63388
2.55038
1.12956
2.03567
1.63842
2.60453
1.49389
2.00042
2.63205
1.44094
1.38519
1.68796
1.72002
1.42075
2.7665
2.78799
2.21516
1.70609
1.99185
2.10779
2.8178
2.00157
3.0396
0.454179
2.46894
2.05259
0.746797
1.4961
0.477043
1.09545
2.03194
2.7527
2.19374
2.20637
2.25229
1.57456
2.03554
3.12472
1.45382
3.25845
1.50291
2.01244
1.52461
3.47099
1.41643
2.1557
0.403169
1.3796
4.09209
1.7281
3.60141
0.0309835
1.46509
2.26498
2.0885
1.63643
3.98427
1.33608
3.16133
2.00879
2.79735
2.28892
2.2654
2.323
2.76691
2.00274
1.86392
1.59637
2.05082
1.72138
1.07145
3.14597
2.15429
0.574828
1.72774
3.23019
3.17434
2.49103
1.9451
3.54292
2.95745
3.06146
1.50544
2.48896
2.30392
3.85043
2.98664
3.1633
1.92011
1.34684
3.20504
1.8711
2.74845
2.5167
1.29435
2.51273
1.81645
3.1537
2.18983
2.51391
3.30095
1.10479
1.83995
2.32568
2.44931
2.13745
1.04688
1.70865
2.13827
1.75593
0.202305
1.8739
1.98349
1.85134
2.10623
0.595371
1.75715
1.34226
1.59412
1.12992
1.49354
3.05207
2.04888
1.66763
1.36735
2.65279
1.06837
3.01901
2.56605
2.97141
2.45484
2.337
1.81289
1.15873
1.8003
2.20515
2.3948
2.38791
1.30648
3.38354
2.20424
2.17104
1.30871
2.33685
1.80382
3.1827
3.08713
1.88884
2.39872
1.73268
2.56689
2.31154
1.68038
1.60667
2.74485
2.91993
1.90148
2.23281
2.01872
2.26625
1.36595
0.611195
2.12736
1.22093
1.94917
1.51781
2.33215
0.642368
3.01093
1.38512
2.73021
1.70291
1.64739
0.945232
2.32573
0.808449
3.03629
4.58711
3.09312
0.747375
3.06514
0.457701
2.39325
3.21633
2.47126
1.60362
2.68013
2.55207
1.39866
0.517628
1.82745
1.77901
3.3843
3.14712
2.51553
2.72226
1.71336
1.51633
2.60326
2.30225
0.899642
2.31174
3.40998
2.72134
1.15421
2.43745
1.96177
2.64713
1.68342
3.03138
2.24663
2.36921
2.0361
2.7494
3.36131
3.3058
0.953586
1.71776
2.22832
2.27684
1.50305
3.10212
1.83397
1.44029
1.0742
2.25627
2.27241
2.31825
2.6214
-0.132581
2.44824
1.9282
1.43201
1.48175
1.59985
1.63529
1.70422
3.46358
1.55335
1.99295
3.51153
2.90273
3.48902
2.01681
2.86739
1.90035
-0.0476405
2.92101
1.77289
2.33194
2.5293
2.88945
1.96861
0.758489
2.35684
1.20079
3.10982
3.22823
2.00538
2.49782
1.07322
2.5568
2.41933
2.15922
0.979405
1.67531
2.99353
2.62914
1.7126
0.508324
0.882672
3.5801
3.32329
1.65101
1.83687
1.59161
2.10413
3.11456
3.15069
2.29751
2.5043
1.21001
3.00398
2.37277
1.86617
3.6029
2.44578
2.99776
3.00815
2.77583
2.92244
1.81597
3.94245
1.43944
3.56834
2.81443
3.04945
2.86723
1.5393
3.5687
1.75865
1.28722
2.33019
2.43748
1.58408
1.94492
1.43987
3.00077
2.67852
2.87185
0.818843
3.16907
3.23635
1.6168
1.44777
0.510568
1.43248
2.70607
1.85124
2.90781
1.94563
2.0543
1.7785
3.36692
2.34008
1.82313
3.86062
3.20292
2.42063
2.27449
1.60464
1.15868
1.19491
0.575082
2.78415
2.87495
2.44534
-0.00305052
2.04097
1.38341
2.69705
2.10189
2.10383
3.1435
2.00647
1.43932
2.48675
1.2289
2.92429
2.41357
2.23445
2.07571
1.70873
3.09047
1.89067
1.15028
1.99642
2.0555
2.1999
2.24216
0.355252
2.00056
1.01108
2.82938
2.36981
2.86755
2.48489
1.40895
1.90789
2.00128
3.29127
2.6038
2.63505
2.44518
2.97837
1.85482
3.80193
1.13778
1.24314
2.51404
2.31934
2.06029
1.59364
1.83136
2.55001
2.84052
0.913384
3.16634
1.46469
3.59914
2.25564
2.85217
1.56208
3.47267
2.46663
1.31819
2.59692
1.39971
1.91417
2.26595
2.98169
3.43947
1.74632
1.50699
4.10764
2.69469
2.52894
2.54496
2.77727
1.78296
0.81075
2.28979
-0.107089
2.26689
2.45408
1.80218
1.27209
1.90884
0.721273
1.46538
2.01239
3.75666
2.27399
1.4885
2.32982
4.04233
2.20249
1.78079
2.50583
2.39486
2.30104
1.75167
2.80234
1.78044
2.56046
1.42861
2.28103
1.56378
2.21642
1.89801
3.18789
2.96057
1.45468
1.956
2.53972
1.37527
1.23487
3.25103
2.09677
1.68174
3.65731
2.69596
1.28197
0.616417
3.01151
2.60645
0.16036
2.91837
2.51842
2.71818
2.09067
0.310542
1.86571
4.61302
2.33693
1.13441
1.31862
2.91218
3.21582
3.77784
2.46597
0.533267
1.29203
1.55718
2.69744
0.434402
1.91252
3.16086
1.00964
1.75277
2.14789
1.72541
3.80841
1.57678
1.95486
2.62559
1.83875
2.51977
1.63154
2.32805
2.73489
2.29824
2.57052
2.40013
3.35909
2.46813
3.38227
2.28367
2.98593
1.10086
2.92959
0.956609
2.96113
2.76147
1.67815
1.94652
3.48826
1.49254
2.00835
2.62748
2.20079
3.11252
2.46237
1.78049
1.99271
1.63727
1.50225
2.75692
3.12262
3.18634
2.25881
0.913294
1.78734
2.63528
2.39647
2.2504
1.84326
2.65182
3.24006
3.71572
0.412504
2.32844
2.74221
1.89719
2.87289
1.08931
1.9497
3.00355
1.42635
2.94662
2.84213
3.10432
0.819683
1.45439
0.883908
2.66605
-0.0571649
3.17985
3.10003
1.98629
2.68784
1.87841
1.88281
1.94373
2.72496
1.98815
2.88148
1.93692
3.12079
2.1371
2.26676
2.0051
2.39831
1.67198
2.2588
3.01224
1.56541
0.433009
3.4522
2.43526
3.18934
2.24311
2.70563
2.45542
0.753695
1.86978
2.30738
1.44173
3.03873
2.52583
1.6012
2.33381
2.00789
1.61234
1.946
2.61989
3.07052
2.92177
1.10967
2.41626
-0.11279
1.79895
2.4006
1.06322
1.03976
2.98903
1.91429
1.17604
1.79757
2.12439
2.62076
1.46222
2.13054
2.76242
2.58314
1.78061
2.26052
2.60286
1.89007
1.74711
2.64961
1.75334
2.71432
2.38307
2.62013
1.65575
2.06058
3.14654
2.22485
1.56716
2.03645
2.41932
2.25151
2.45667
2.22728
0.97854
0.476104
2.3027
1.71004
2.39148
2.14248
1.48482
2.04669
2.54485
1.45162
1.25637
1.91921
1.95453
3.86608
0.973575
1.40106
1.88178
2.38126
2.50795
1.38757
2.54702
2.53668
2.82789
1.69156
2.13277
3.27714
3.07208
3.63116
2.15304
2.15149
0.713808
2.70837
3.03604
2.4601
2.08295
3.75398
2.62118
1.54321
2.25249
2.73712
2.51581
2.17824
1.69756
2.00767
2.3563
2.00487
0.888536
3.21907
2.60173
1.83665
1.94361
2.36168
2.48004
2.50421
3.47867
0.944134
0.546464
2.80941
2.60796
2.76451
2.00986
0.389353
3.87776
2.27422
1.36286
3.03263
1.57012
2.65521
1.93483
2.55809
3.09747
2.51696
1.40186
2.48456
2.08907
1.86738
2.17645
0.270419
3.46709
1.13725
1.51209
2.56712
2.30019
1.41365
2.20504
2.06366
1.90077
3.1007
2.26007
2.08152
1.8919
1.8245
3.3357
2.56599
1.69519
3.41192
3.09729
2.1112
2.99589
1.32418
1.81354
2.49915
0.796865
2.3056
3.59271
1.69479
1.55436
2.68257
1.11819
2.4037
2.48077
1.7306
1.92992
2.385
2.40104
1.36635
3.17533
1.07098
2.10195
2.33303
2.16517
1.87788
3.14637
1.42006
2.43397
2.15074
2.6953
1.66821
2.00078
2.12353
3.93104
2.25545
2.5304
1.93582
2.82666
3.0211
1.69949
1.83688
3.21617
1.59325
1.71854
1.73066
2.40325
0.953973
3.37622
2.56116
1.27186
3.08876
3.80876
1.8607
2.58339
2.9824
2.47498
1.81565
2.59651
3.26209
3.74486
2.53921
2.018
2.31345
0.73747
1.99091
2.5963
3.07895
3.51228
1.94093
2.9456
1.65905
2.65311
3.89879
1.62462
1.86724
1.8928
1.90249
1.64791
3.47364
2.60786
1.54963
2.36919
2.5382
3.07651
2.04204
3.76701
1.82701
3.07549
1.02526
2.78434
2.01608
1.35197
1.46985
1.71854
2.45039
3.02934
2.27713
0.781523
2.80811
1.42096
1.42682
0.374467
1.64163
2.15984
1.76339
1.52025
3.05412
1.71506
2.93047
2.56939
2.10688
1.99063
2.16051
2.14906
3.5237
1.81717
2.43031
2.68524
2.63701
1.13952
1.51004
2.7586
3.1201
1.31698
0.781738
0.926918
1.31847
1.73343
2.45205
2.99435
2.04315
1.38381
1.14132
2.70443
2.36378
3.00925
1.14052
2.55899
2.45478
1.79358
2.24041
1.63887
2.87786
1.73751
0.941175
2.81977
2.80904
1.74201
1.83659
3.6416
3.24492
3.13477
1.96992
1.83539
1.25819
2.24048
3.02501
1.10194
1.30592
2.33356
2.67059
2.25414
1.59499
2.14509
0.964778
2.46382
2.42202
3.34954
2.48532
2.39631
1.23416
2.17805
3.12643
3.49526
1.62655
2.65595
2.29721
0.534804
2.23261
2.27176
2.64273
1.34666
2.36034
2.76056
2.41207
1.40662
2.61788
2.56269
1.37433
3.35354
2.88751
2.49116
3.6349
2.44437
1.88137
3.05113
3.15915
2.56452
0.834369
2.83565
2.21136
1.98854
2.9876
1.1046
2.30082
1.43309
1.80894
2.18018
2.7499
2.91558
2.81415
2.71276
2.3594
3.64088
1.97449
1.90055
1.83758
1.72209
2.96349
2.42041
0.803452
2.32191
3.25413
2.34925
1.95411
0.110251
1.60417
1.49901
2.79459
1.74432
1.44049
2.32515
1.30199
1.78078
2.59484
2.17959
2.39626
1.02686
1.41272
1.84926
2.78473
2.52109
2.0919
1.2235
3.02447
2.51747
2.52017
2.402
1.83327
2.06901
3.66244
1.22915
2.89793
2.40849
2.45998
0.660486
2.71772
1.43738
1.90641
0.984031
1.44511
1.91504
2.73077
1.56813
2.39558
1.3222
1.75796
4.69773
1.87848
3.27447
1.02075
2.03072
2.90591
1.79391
2.97336
3.40517
3.59775
3.14991
1.21235
2.23467
2.9834
2.31935
1.24032
1.46299
3.22418
2.0725
1.91769
1.01722
2.66259
0.897317
3.19526
1.70477
2.25663
-0.812228
2.05302
2.82546
2.1244
2.35399
1.78467
3.53297
3.63003
2.20649
4.76566
3.48838
1.3012
2.71144
1.25264
3.07363
3.45176
1.9454
1.77592
2.11213
3.35687
2.87105
1.93912
2.081
1.59659
2.12335
1.85935
0.983032
1.71371
2.33489
3.61089
1.75274
2.56678
-0.275931
2.11647
1.52519
2.33058
2.75276
2.63896
1.92564
2.96065
3.02824
1.34782
3.71526
1.30531
0.803975
1.98524
3.74527
3.13603
3.49861
2.69739
1.50083
2.67526
1.62048
1.73115
4.62979
3.07912
3.8707
2.37532
1.38997
1.76497
1.95337
1.83756
2.19389
0.802759
1.95143
3.28379
1.80006
3.19958
2.7011
1.38459
2.12202
1.72279
2.90588
1.33231
3.53384
3.29188
2.77009
2.71404
0.814986
2.40184
3.02077
-0.0360193
2.96803
2.63269
3.14199
1.10868
2.9919
1.13329
0.533432
0.542621
2.55015
3.40731
3.19907
2.73072
2.70954
2.38652
0.57814
1.52252
2.6529
1.73009
2.21894
2.76679
4.43674
2.16508
2.81742
2.76527
2.62468
3.01284
3.04539
0.720418
3.32817
1.09563
3.81933
3.28717
2.56516
3.29405
1.48948
0.871453
0.478712
1.45832
2.51822
2.65122
1.90957
0.598576
0.454867
2.38861
1.89361
2.3076
3.45603
1.18236
3.56475
3.60313
2.30976
1.10284
2.82334
3.88955
2.61124
3.73031
2.92272
2.73855
0.756286
1.87658
2.14055
3.72596
2.3058
2.30829
2.06715
1.81559
1.49143
2.4254
1.32698
1.73009
2.37191
2.10494
2.91635
1.19853
0.839042
2.40678
2.62234
2.83295
1.92745
1.39986
1.46378
2.3072
2.771
2.8424
2.64876
2.7942
1.54449
2.71107
2.38382
3.52879
2.45401
2.82816
0.452253
1.34807
2.08455
2.15118
3.45916
2.34266
1.65461
2.26457
2.09611
1.58584
1.66619
4.18973
2.55163
2.16903
2.24806
1.15197
2.43809
3.49957
2.51111
2.44957
1.27655
1.46992
0.588887
1.26901
2.374
3.34101
2.07272
2.9421
3.09317
2.13276
1.90735
2.81377
2.81356
1.84927
3.29127
1.84133
2.17736
2.1725
0.637107
2.43942
1.63202
2.42206
3.26147
2.10156
1.78705
1.87465
1.61102
2.93029
2.88815
2.62786
2.05441
3.02993
3.797
1.36367
2.45363
2.34008
3.10402
1.55982
2.74646
2.47371
2.55509
2.31733
1.22148
1.87826
1.75823
2.3966
3.71829
1.96462
2.47126
1.6001
0.805164
1.22424
1.52176
2.6956
2.80005
1.88899
1.57679
1.766
2.64261
1.82825
2.52023
0.818371
3.42754
2.49106
1.75531
3.85849
1.63867
1.58988
3.4625
2.40964
1.61311
3.00785
3.77873
1.37982
4.64107
0.687301
0.250427
1.91188
2.78394
2.71096
1.5183
1.25865
1.93643
3.81142
2.34038
1.81814
3.37652
2.96155
1.23734
2.53828
3.53209
0.93077
2.22918
1.52868
3.21635
2.54732
0.427377
0.585258
2.7739
1.51957
2.83262
2.63495
2.48261
3.08756
1.76096
2.2813
2.78503
2.32757
2.01493
2.43339
2.28196
2.54262
2.31898
2.20979
2.57212
1.97717
1.02451
2.70076
0.982569
3.04499
2.16447
2.89864
2.50621
1.74141
3.30617
2.55011
3.63196
2.59353
2.38095
1.63158
2.06923
2.73588
1.09069
2.57327
3.3872
3.07636
0.898509
1.39068
2.4066
3.06947
1.71683
1.79313
3.18374
2.04392
2.68407
1.7328
0.749417
2.62479
1.0424
2.7738
3.07394
2.68897
2.77441
1.51335
3.02036
2.84352
2.35446
2.10124
3.21586
3.11181
1.89351
3.21389
0.715296
4.40669
2.46468
1.17557
1.5971
3.08041
2.94469
2.19394
2.60631
2.54977
2.611
2.61533
2.62461
2.48468
1.68103
3.79245
2.51225
1.68131
2.48713
3.21857
1.49605
2.26373
1.09792
0.468919
1.79015
1.27794
1.74942
2.90457
2.40913
3.1695
0.592234
2.10235
2.55332
0.661612
1.77217
1.91833
1.43937
1.35072
2.92279
1.95609
3.57511
1.93909
2.05856
2.45094
1.1932
0.423376
3.10385
2.79954
3.53662
2.14055
2.72426
1.69664
1.61203
2.55009
1.65204
1.5516
2.15153
2.53927
2.1615
3.71859
4.1339
3.01416
1.65704
3.26543
1.01891
2.15889
1.31189
2.41048
2.12704
3.39598
2.17604
2.45589
2.93224
1.44283
1.36726
1.47167
0.911635
1.57387
3.40734
1.96806
1.43985
1.65415
1.42834
2.3439
0.594838
4.00431
1.06376
2.20111
1.53346
2.95968
2.01571
0.640241
2.62103
1.06481
2.34023
2.46991
3.69843
3.05401
1.98518
3.41692
1.471
2.60162
3.16772
2.25847
4.05257
1.47323
2.46292
1.99314
1.85307
1.13453
2.96886
1.69008
1.876
2.01483
2.46458
2.7368
1.83609
0.688874
3.78264
1.99559
3.35041
2.37375
1.89165
2.94078
3.83454
2.21246
2.11241
1.91206
2.50206
3.49652
2.15236
2.37085
2.67225
1.17484
1.41734
1.42737
1.63119
2.10049
1.0926
3.26514
1.71009
2.15248
1.9691
2.17243
0.517004
1.91525
2.535
3.24094
1.4602
2.2338
1.92863
2.31907
2.25895
2.59848
2.94759
2.13091
3.14788
2.0091
0.756801
2.81502
2.93123
1.59896
2.76328
2.19849
2.1799
1.68212
1.04303
2.66857
3.23906
2.64393
1.26722
1.0659
2.17969
2.21717
0.347541
2.03639
2.82042
3.10975
0.859096
2.14921
2.31508
2.30781
1.70857
2.27541
2.9576
2.41321
3.01145
2.19416
1.34579
3.44068
2.61887
2.56151
1.6015
2.34404
1.81516
2.0068
0.710448
2.65907
2.2545
3.08391
3.44334
1.70693
2.06975
2.4256
1.84923
1.33272
1.29385
3.46479
0.820465
1.14902
1.99115
1.54076
2.60264
0.286931
1.92607
2.92043
2.32921
2.4522
1.43131
3.00822
1.86503
3.08602
1.61895
1.59357
1.77588
1.87716
2.43433
0.633738
2.48055
1.51857
0.714621
2.0482
1.14407
1.90227
2.50099
2.83443
3.31165
1.8687
1.38454
2.10979
2.69662
2.77978
1.36335
2.88519
1.87507
1.71184
1.6073
4.1433
3.17798
1.1972
1.48814
1.24933
1.42682
2.14137
1.55854
0.805821
1.68465
2.25316
2.09598
0.620901
1.78656
3.19869
2.79771
2.19027
1.78825
2.64216
2.68986
1.32939
2.85759
2.89184
2.74262
3.40271
2.63016
2.21216
3.02953
0.974901
3.02784
1.09575
1.00278
2.23941
1.19849
2.1016
3.51382
2.97006
0.393073
0.148736
4.06321
1.54582
1.30811
1.21356
0.861897
2.38766
1.01952
1.03303
1.96986
0.479925
2.06394
0.703383
1.99609
1.43857
1.57981
1.03023
2.42661
1.40116
1.62567
1.59071
0.855382
0.902879
0.493885
0.997431
2.97401
3.34479
2.56013
2.79501
3.07216
2.08669
1.91586
1.83847
2.95353
1.15205
2.27407
2.55093
1.45662
3.40914
2.08844
3.19293
2.45895
1.24598
2.8812
3.18864
1.47631
2.30522
2.64853
1.95524
2.09274
2.56076
1.84728
3.50225
1.86082
2.06445
2.11656
2.16949
3.37041
2.1274
3.14143
0.360872
2.65763
1.75122
2.35371
0.363962
2.22175
2.26008
2.73541
2.72989
1.89955
2.4618
3.48016
1.96947
2.00853
1.82413
3.52658
3.20616
1.6377
1.75182
1.81012
1.98961
1.33272
2.5646
2.65804
0.714099
2.64207
1.90601
1.46075
2.52977
3.09255
2.742
3.08188
1.16337
1.12126
1.94617
2.75747
1.38647
2.3889
2.4848
2.42634
2.28525
3.37541
4.13128
3.00005
1.21513
1.18792
2.45009
1.70561
2.1771
2.49569
1.66047
2.58159
1.14296
2.41477
2.43232
2.21693
3.34587
2.82912
2.91801
0.923284
1.79261
2.79476
3.26991
2.78922
1.16918
1.68611
1.22066
1.65455
3.62776
1.7495
2.28632
2.93792
2.19668
2.88385
3.25553
2.48498
1.89043
2.51547
1.19094
1.35788
3.76986
1.99273
1.25807
2.48091
2.28661
1.52004
3.22525
2.60977
1.85145
3.58472
2.32923
3.89531
1.81261
0.617775
1.71495
1.42569
1.29264
2.09033
1.75721
3.21416
2.16666
2.34012
2.79082
3.14029
4.0307
2.71568
1.97536
2.91652
3.05308
2.02659
0.871157
1.99115
2.50158
1.57251
2.76979
1.11588
1.63098
2.65775
3.26469
1.61781
2.95028
3.88588
0.9056
2.52232
1.00514
3.5792
1.39941
2.11396
2.08395
2.36268
2.16286
3.16833
1.89164
2.63271
2.84517
1.92608
0.748776
1.4026
0.925891
3.97374
1.78686
2.60074
1.05317
2.36508
1.24937
1.75885
2.57601
2.03274
2.40796
1.93864
2.3012
3.03936
2.93076
2.95238
2.39402
2.10043
2.54883
1.04437
1.04016
2.26608
0.222371
3.1725
1.11701
1.54056
1.9781
2.4735
2.31688
1.36031
2.34629
2.02339
3.45484
1.44343
2.00669
1.59072
0.605155
2.67005
1.90767
1.16673
2.29279
2.51048
1.91275
2.4684
1.83293
1.75436
2.98424
1.39631
2.62636
1.91139
3.25232
2.37662
3.26535
2.41297
2.18583
3.02873
1.98258
2.01824
1.42795
1.20187
2.05987
1.75221
1.79108
2.91492
4.21459
1.84655
1.18119
2.12338
1.54881
1.5605
1.35053
1.53904
2.48323
0.972294
1.06159
2.03354
2.77628
2.09816
1.80049
2.20644
2.33056
3.53938
1.40727
1.83825
2.61492
1.96658
2.4134
2.95342
2.07964
1.63669
3.05389
2.63807
1.77606
1.90555
1.18732
3.16559
1.8179
1.22258
1.20309
3.55344
0.942913
1.58737
1.64343
1.81728
2.33878
2.7307
1.08614
2.65367
1.98456
3.22884
1.11959
2.08496
3.32183
3.44637
3.31514
1.43566
1.95946
2.65383
2.97553
1.98321
1.83345
2.52205
2.05767
3.2677
3.44315
1.85434
0.812837
2.06241
1.75769
2.7837
3.49808
2.7754
1.79379
2.92245
2.80378
2.46736
2.14145
1.48655
1.29314
3.52276
2.31302
2.60915
3.99603
2.12192
3.02792
1.17845
1.81216
2.33253
2.46421
2.52583
3.89644
3.33704
2.29982
2.07447
1.20499
2.49671
1.21665
2.96866
2.57781
2.07393
2.61724
2.97562
1.50565
2.97534
2.90421
1.29205
1.58465
0.961009
2.92975
1.883
2.02525
1.90158
1.05873
1.73022
1.05394
2.61127
2.75911
2.17125
0.129238
1.90528
2.69096
2.42723
2.31931
1.39689
3.00573
1.71092
2.44183
2.84694
3.07375
0.985426
0.0406461
2.53314
2.08379
2.26657
3.18893
2.86084
1.39928
4.30846
0.786349
2.91063
1.38475
1.26092
2.05843
2.38199
2.47326
1.10446
1.3251
2.34024
2.67869
2.47063
1.59569
2.6631
2.85152
2.18966
1.40615
1.75827
2.81848
2.95589
2.29482
0.681058
4.09094
1.23119
1.41618
2.04163
2.39614
1.49453
0.928642
3.35362
2.58208
3.16199
4.15569
1.60888
2.00444
1.08893
1.78472
2.26483
-0.481251
2.73997
1.98663
2.04895
2.06503
0.579499
4.1399
2.1306
2.44797
2.51407
3.14923
2.27957
2.37443
2.76548
1.6193
0.791029
2.47989
2.50888
1.91385
2.4965
2.62745
1.05229
0.972206
1.442
3.25075
2.87392
2.43722
2.36175
2.8589
2.8468
2.72763
2.86398
1.17108
2.48581
3.10395
0.65495
2.65538
2.5601
1.92387
1.18951
1.77051
2.56848
0.589551
1.81876
3.12813
1.7146
2.53673
1.59839
2.90391
1.99871
2.9443
2.67398
2.59686
2.20124
2.97989
2.02833
2.90623
1.66705
2.2463
2.89275
2.43069
2.08763
2.13629
1.78182
2.60392
1.43879
2.5425
0.553414
3.70835
2.62383
2.11429
1.41292
0.917919
1.76513
2.9474
1.38261
2.09631
2.44942
2.08389
2.24586
1.29323
3.51672
2.92756
3.37444
0.986255
1.78515
2.3616
1.6734
2.04257
3.45864
0.985431
3.38984
1.30228
1.39818
2.51097
2.28496
1.5743
2.98419
2.68705
2.79315
2.06279
2.17103
0.504904
1.24747
3.307
2.11732
1.7547
1.16343
1.09509
2.89441
0.308806
2.43535
1.81288
2.51377
0.552374
1.57278
2.24139
3.85447
2.00528
1.0567
2.85129
1.83373
2.49043
2.61955
0.768713
1.88146
1.75692
2.26698
0.833522
1.92912
1.72245
3.02805
2.63365
1.31343
2.18682
1.7721
2.14476
3.39358
2.62119
2.89175
1.379
3.28594
3.01467
1.85393
2.50371
3.04422
2.86937
1.08778
0.954271
1.87863
1.8966
1.96933
2.66134
3.0363
3.26426
2.2481
1.06146
2.09795
2.74775
2.28471
4.03037
3.19576
1.17259
1.7902
3.49634
1.35583
0.639298
1.85186
0.920187
2.0046
1.98398
2.39075
1.84662
2.04884
2.0711
-0.607309
2.90773
2.57346
1.29069
2.05127
1.08459
2.28166
1.38798
0.36848
2.49514
2.26457
2.84778
1.56181
1.49975
2.14666
1.42897
1.70275
1.95055
2.39001
1.33248
2.4415
1.74739
3.67859
1.36868
3.47465
1.84386
1.43588
0.495384
3.42709
2.53307
2.56628
2.55362
1.0169
1.41936
1.04224
1.36422
1.81845
3.68114
2.37854
1.40352
2.40134
2.95221
1.65643
2.65165
2.45943
2.8477
2.72838
2.29389
2.67413
2.15132
2.20638
0.764503
3.77357
2.07223
2.77228
2.24082
1.76032
3.01278
2.19537
2.31461
2.35893
2.03628
2.00935
2.86224
2.71554
0.689412
2.11845
1.57749
1.86671
0.516313
2.88723
2.0609
1.30773
0.982819
1.0123
0.981466
2.97786
3.72233
2.07482
3.06695
2.57203
2.07589
3.62132
2.62643
3.00513
2.93208
2.38104
2.95081
2.02911
0.834101
1.9057
1.1523
1.36318
2.26144
1.85811
2.61835
1.58355
2.41222
2.28567
1.33035
1.21184
1.35616
2.49409
2.81608
1.39405
3.00454
1.69502
2.32264
2.63623
1.87345
1.74189
3.40784
1.75162
1.95505
3.54718
1.69556
2.57146
2.20875
1.68497
3.12577
2.40424
4.03271
1.39406
2.44556
1.62516
3.12321
1.9191
2.00947
1.84949
2.05135
2.40674
2.47375
2.8089
2.99469
2.31441
1.97197
2.23009
1.34931
2.90109
2.72366
1.84181
1.96489
2.59352
1.64003
2.23727
2.5665
3.48764
2.18657
2.18477
2.37961
1.8819
2.00972
2.83086
1.69066
1.21947
2.02239
2.04894
1.00686
1.18784
1.53565
0.992857
2.39283
2.11976
4.00512
0.51545
0.926545
1.85159
3.11736
2.21777
3.19342
2.65528
2.96475
1.94354
2.4725
2.08242
3.19619
2.33783
3.64382
3.3772
2.40399
2.65562
1.79141
2.30269
2.46445
2.38755
2.01145
2.30727
1.70877
1.70529
2.38736
2.25091
2.83081
2.58563
2.32464
2.82967
2.7415
1.73097
2.3263
1.80081
1.1188
2.15993
3.57502
3.11833
1.74488
3.66078
2.28131
1.13892
3.66361
2.2067
1.59301
1.28108
1.84138
2.02317
1.64319
1.74509
1.706
2.1374
3.51411
2.01222
1.1351
2.91141
1.38683
2.47113
2.70872
1.47867
1.07019
1.11858
2.45396
1.58
2.53141
2.43452
3.13243
2.75638
1.56236
4.37967
1.45825
1.63707
3.6555
2.44262
2.49263
2.60622
3.02727
3.69281
3.0538
1.91932
1.12076
1.96208
1.42861
0.531222
2.36454
2.04955
0.846357
3.55691
2.45115
2.63239
2.71375
1.24086
1.9454
2.06217
2.44798
2.46676
2.5507
2.42201
2.54434
1.84862
3.20244
1.7424
2.57869
2.29681
2.34457
2.79935
2.74445
1.29156
2.63245
2.09095
1.92416
2.17897
2.18334
1.55949
2.22193
1.82595
2.24202
1.54274
3.21552
1.49218
2.30296
2.55012
2.69001
1.6286
2.24286
2.6037
3.49505
1.98467
2.08743
3.3761
0.808696
2.85987
1.60308
2.87967
2.76967
1.2896
2.65219
3.87895
2.57324
1.98388
3.02375
4.21875
1.75328
2.93528
3.22174
0.525415
2.13046
1.47785
1.97672
1.85209
0.727114
2.02634
2.15046
3.03645
2.52395
3.18112
2.37275
3.99495
3.00539
2.35775
2.60744
1.11408
2.75915
1.42468
1.47627
0.643024
2.12932
2.36809
2.67732
2.00202
3.13581
1.13984
2.8251
2.23098
2.41169
0.69214
2.8045
1.21014
1.29424
0.585621
1.46513
2.11554
1.1022
1.0002
2.17917
2.25571
2.78232
1.85305
2.02598
1.70646
2.91677
1.76116
2.05265
1.93198
3.02885
2.89
3.01993
0.782701
2.81037
2.09647
1.59516
1.23045
1.40655
1.92208
2.402
2.775
3.5861
1.92896
-0.0797657
1.07032
3.27132
2.71812
2.40077
1.76093
1.51327
1.84199
3.92979
1.78442
3.0049
2.44574
2.43228
1.95954
2.16266
2.12049
0.427643
2.66161
2.58338
1.87381
1.76773
2.27064
3.28339
1.92637
3.54382
2.06259
2.68524
-0.10806
1.6318
1.77008
2.14154
1.5404
2.65163
3.19161
1.86023
2.43541
1.42187
2.44284
1.4613
1.75474
1.85387
1.42445
2.14796
2.4446
3.59316
2.57114
2.20032
1.65202
2.85641
3.15325
2.33316
1.77909
1.25004
1.19964
2.02829
2.92111
1.58619
3.23119
2.01993
4.05995
1.43816
1.84935
1.85653
1.42954
2.58593
1.46246
2.46923
3.17056
2.79584
3.63275
2.54509
2.03465
1.55895
2.50674
3.23876
1.81092
1.2778
4.23504
1.35169
1.19235
1.92603
2.09474
1.60712
3.06088
2.90443
2.17983
1.71853
2.35596
1.3335
1.51596
1.85063
2.59011
2.74339
1.66944
2.19957
1.77474
3.4914
2.13497
0.838885
1.01289
1.98024
2.09601
2.26417
4.37917
2.69106
2.65656
0.588776
2.62511
2.57395
2.98915
1.97435
1.32032
3.03642
1.82624
2.10381
1.72136
1.5159
3.05458
2.4383
1.92036
3.58627
2.08439
2.85828
1.76039
2.62172
3.34141
4.14702
0.815664
1.31206
2.80605
2.08962
3.42109
2.58659
3.46735
2.05468
3.14517
3.64647
1.91985
2.79696
1.92501
2.95577
4.0071
2.76998
0.641856
1.05539
1.84691
1.9676
3.85601
1.40403
1.76588
2.93496
2.39225
0.948118
2.45031
2.6835
2.82881
3.14538
1.55096
2.81238
0.524101
2.99127
3.17443
0.431558
2.34587
3.46442
1.49686
2.26243
2.52218
2.0788
2.25064
2.12775
3.77959
2.84982
3.10882
1.95583
2.57049
2.59505
3.04341
2.19024
1.94296
1.92174
2.45246
1.56138
2.01701
3.19618
2.66492
2.17351
2.58329
4.05975
0.365807
2.06498
3.37128
2.37659
2.16254
1.61054
1.98794
1.56346
2.02197
1.05471
2.04426
1.24102
3.83987
2.9689
3.06893
3.43556
2.94063
2.26979
2.53491
2.53794
1.17596
2.22198
2.51426
0.735647
3.27387
1.38093
1.66743
3.5755
2.23008
2.08226
4.5272
2.85055
1.87095
2.48525
2.9594
3.163
2.87302
1.86401
2.93302
2.70169
3.14367
1.81848
2.57099
3.53833
3.43071
3.64064
2.02392
1.6265
2.48149
1.21918
2.27207
2.60592
-0.331292
2.21533
1.98694
1.41945
1.98151
2.00378
2.68906
2.07899
2.58859
2.04947
1.93505
2.61326
2.55653
3.24678
2.02731
3.55056
1.31534
2.77044
1.32594
1.94965
2.25656
1.04151
1.43535
2.36439
2.65894
3.03112
2.18917
2.14367
3.48754
2.20449
2.0901
1.55773
2.82736
1.18386
3.37798
2.67537
2.39779
2.0764
2.49052
2.4679
2.07034
2.43958
2.64773
1.24417
1.40177
0.728507
3.33379
0.633317
2.20678
2.04725
1.55495
3.82509
0.486017
2.37287
1.64152
2.84353
3.00693
2.23762
2.04979
1.00856
3.08668
2.59946
2.42437
3.60022
2.8758
2.81001
2.0717
3.49226
2.1093
1.6246
1.56365
1.8356
3.45421
3.15124
1.92859
1.25695
2.41601
-0.0927027
2.22642
2.1331
2.13909
2.33078
2.97807
3.61087
2.30055
3.35535
2.1725
2.49721
3.40014
2.82655
2.69681
1.79235
4.12438
3.17587
0.630109
3.0659
2.31867
2.02274
1.20886
1.5978
2.53151
3.11876
2.3003
2.41614
2.90047
1.12831
1.92693
2.11078
2.50613
2.60625
2.37702
1.43557
2.73224
1.4469
1.38242
1.41364
3.12844
1.96376
1.35221
0.775606
2.26174
2.33707
1.46743
2.85357
2.94383
2.17485
2.42659
2.09886
2.43934
2.24815
3.18568
3.88902
2.03984
2.72163
2.66616
0.196506
2.6786
1.84199
2.81138
2.29996
2.31546
2.64214
3.30777
1.73867
0.964898
1.31485
1.08014
1.83078
1.73936
2.89464
2.65351
2.57188
1.77264
2.27401
2.18612
1.09417
3.06539
2.41203
2.45959
2.61564
1.64711
1.37129
2.5743
2.09683
2.53029
3.52902
1.7882
2.48572
2.13492
2.9552
1.44524
2.34759
1.37161
2.13096
2.17423
1.96106
2.35571
0.907593
2.48721
3.65029
1.78649
1.43801
2.27224
3.15335
1.07403
2.91417
2.43207
3.60351
1.67988
2.10133
1.70687
2.75455
2.10879
3.18716
1.74898
1.94586
2.44452
2.1379
1.29088
0.90448
2.11414
1.31081
1.9353
2.51671
2.07486
-0.208621
1.23195
2.75701
3.72619
2.19528
2.41099
2.44843
1.27631
2.21495
1.24552
3.29975
3.08428
0.100321
2.1346
1.20642
0.831962
1.5327
2.35236
0.70721
2.03621
3.09744
2.17121
3.06177
0.875285
2.487
2.04683
2.88172
2.5617
2.47414
1.62032
1.91232
2.18261
3.6827
3.59113
2.61752
1.8796
1.13397
2.9928
2.59529
2.00939
1.79491
3.48034
3.20087
0.84218
3.0216
3.40906
2.432
3.33312
2.70765
2.10826
2.61627
4.19387
2.429
3.34605
1.64634
0.164795
2.46026
3.52634
1.81539
2.65124
1.69704
0.341663
1.23299
1.21062
3.62518
2.24012
2.35315
1.17988
1.95579
2.09253
1.15059
3.14375
3.41295
2.10379
2.04284
0.52197
2.03355
2.83962
2.82672
1.52726
2.50786
0.714593
2.34957
1.93
2.34139
1.29722
1.97029
0.941772
1.64515
3.99514
2.8486
1.98798
1.87921
2.28855
3.62821
1.85114
1.50517
3.5373
2.14406
1.24319
1.59943
2.36007
1.50186
1.80305
2.45462
2.71014
2.86533
1.83291
3.05143
1.45824
1.92116
2.98602
0.923432
3.3745
1.30007
4.28356
0.968224
1.69378
2.40248
2.65976
2.98517
3.99217
2.32981
3.13158
1.70666
2.09007
1.37398
1.8604
1.73241
2.97926
1.54929
3.07486
2.89419
2.74424
1.31139
3.03049
2.6117
1.83279
2.27771
2.84318
1.50377
2.97304
2.30273
3.49418
1.94831
2.40531
1.92819
2.4984
1.64213
2.6098
2.00299
1.87976
1.64076
1.68049
2.65796
2.52789
2.61158
1.65115
1.17784
0.611048
1.60301
2.29609
1.97021
2.73134
1.37888
1.91766
3.23924
2.98879
2.52036
2.29181
1.72003
2.45392
2.56699
2.02879
1.49874
1.72833
2.7125
3.0655
1.12214
2.62696
1.13432
3.22324
2.44244
0.833925
1.89432
2.27868
2.2465
2.93007
1.39011
2.05268
1.0623
2.51856
2.71126
0.565517
1.65704
2.92918
1.70666
2.14641
1.67658
1.9206
2.53158
0.121437
1.66817
3.58693
1.27762
1.52859
1.49089
1.99283
1.55996
4.63867
0.171317
1.89231
2.65584
3.1519
3.38503
1.98102
1.01496
2.42821
3.00583
1.42009
1.76773
2.4706
1.5176
2.80343
3.48543
3.53926
1.71755
1.72683
1.93323
1.44247
2.51895
1.36815
1.25043
2.20869
2.81347
2.53349
1.21749
2.12495
2.20538
2.42916
2.81338
2.6577
3.12556
2.66252
1.9606
1.17868
3.37497
2.99241
2.49036
1.97382
1.9011
1.95871
1.5946
2.46528
2.05554
1.25602
2.68368
1.66535
0.626291
4.07785
3.49487
2.816
1.76156
2.42371
1.70438
1.75005
3.7738
1.89685
2.97206
3.02142
2.38495
1.78116
0.719613
3.91182
2.13518
2.52588
2.57389
0.75522
2.56716
2.54387
1.68424
3.44523
1.95661
2.21059
1.9599
2.35007
2.08112
0.661082
2.04242
1.46124
2.07286
2.09873
1.27975
0.98058
2.10341
1.48261
2.0226
1.99763
0.0893872
1.95824
3.90979
2.31643
-0.192244
1.98515
3.33134
2.61078
1.45845
3.21637
1.04736
2.47806
1.65555
2.66468
0.926184
3.04824
0.560393
2.65519
2.84171
2.82272
1.02956
2.06819
2.69719
2.84826
3.40408
2.6839
3.34003
2.50884
1.94545
1.43082
2.82794
0.63549
1.64519
2.70471
2.35989
2.36827
2.3315
1.15502
2.77963
1.61066
1.13634
1.44841
3.09222
1.90146
-0.0156992
2.62487
2.04319
2.01496
1.53067
1.73639
1.52757
0.800842
2.3652
2.19078
1.33696
1.93629
0.885941
3.20668
2.26264
2.58768
2.46284
2.81
2.32209
3.49181
1.86979
2.6532
2.47696
1.64118
1.30367
3.25929
2.70803
1.48726
1.88125
0.361064
3.27123
2.19303
2.98814
2.08529
1.98629
2.55172
1.40114
2.72189
3.28004
2.27254
1.57856
3.35443
0.0848215
2.6372
3.6489
2.7622
3.46058
2.1606
3.27232
1.29701
3.67575
2.1462
2.83453
2.05898
2.2429
0.571763
1.44765
2.13088
2.64167
2.65617
1.88263
2.71143
2.49817
2.44296
2.27907
0.953573
1.45593
0.881211
2.49813
2.61789
0.579616
2.30112
0.578988
2.64374
3.47034
1.29753
2.97645
3.3282
1.93241
2.35951
1.71016
2.16419
2.58433
3.4335
3.03797
1.98069
2.42397
1.48676
2.51552
1.78071
3.51239
2.41538
2.47975
3.91642
1.98674
2.62961
2.99196
1.78758
2.20343
1.21545
1.59992
2.40896
1.56644
1.52731
1.58996
3.51438
3.29964
3.58865
3.42643
2.45286
1.68049
2.19328
2.71592
1.64391
1.85219
2.33105
3.70586
3.25356
1.06812
1.46645
1.3517
1.35477
1.27965
0.484971
2.06698
2.00364
2.60029
2.49777
0.236515
2.73677
1.18029
3.11049
2.44988
0.840978
1.00928
3.18733
2.08471
2.06966
1.31226
4.14855
2.55474
2.00427
0.681075
2.56001
1.1597
3.16489
2.71215
2.29952
2.74642
1.6135
2.00785
2.41759
2.46825
2.68265
2.67593
2.17571
1.38515
1.39855
3.17409
3.56558
3.05127
1.41186
0.717374
2.80189
1.8795
2.15631
3.09587
3.25102
2.11719
1.54498
2.58254
3.7705
2.19483
2.21389
1.45475
2.08247
1.81119
1.88894
3.03291
1.62229
3.63954
0.979491
2.23302
2.06718
2.82669
3.42364
3.08406
1.858
3.03016
2.23576
1.69506
3.78824
2.03133
1.79406
0.124661
2.91845
2.72178
3.07651
2.75847
2.07397
2.95546
1.47991
1.746
2.89965
1.93983
1.23896
1.27249
3.5307
2.05184
3.18993
2.73326
2.76496
1.22132
1.72775
0.724972
1.67939
1.54898
0.449355
1.61253
1.72827
2.5848
3.99208
2.05221
2.68102
2.01698
2.91313
1.10074
2.9773
1.75164
1.41173
1.24774
0.677595
1.81722
2.91148
1.24604
2.79683
1.71311
1.25334
2.05929
0.873407
2.68012
0.791449
1.3075
3.25596
1.54744
2.91145
1.1409
1.19364
1.87607
1.35222
2.12965
1.79664
1.83345
2.37839
1.73198
1.01648
1.55475
0.65181
3.50043
1.70028
2.1669
1.92749
1.76203
1.41248
3.34858
1.65457
4.4565
1.55779
3.45119
2.98122
3.7764
2.68471
1.02889
4.69455
1.9454
0.67173
1.85925
2.21426
0.816923
2.71456
3.28986
2.47733
2.39029
3.24503
0.475499
3.78952
2.19935
2.05871
1.6233
2.44598
2.719
3.37793
2.0212
2.29666
2.93087
1.50062
2.47603
2.60154
2.28706
1.19926
2.18065
1.36439
1.40555
2.20285
1.705
1.38267
2.43854
1.16607
1.02042
1.41669
2.07327
2.04042
2.0734
3.28749
0.861066
3.03284
2.30737
3.02609
3.41345
1.94224
1.16518
3.48429
1.69567
2.92631
2.13194
1.70441
3.29253
2.01498
0.73146
2.0661
1.61792
2.86014
0.848931
1.69933
3.52572
1.85324
3.21507
1.97234
2.65173
1.32559
2.34543
2.40608
1.76839
3.07316
1.88452
1.44633
2.17368
2.13237
0.754627
1.36644
2.60222
1.84569
1.42237
1.59361
1.9955
2.89646
2.21376
2.87029
1.4337
2.17679
3.65068
3.01611
3.30785
2.39097
4.834
2.09478
2.56641
1.93406
3.44495
1.887
2.59306
2.29925
1.65794
3.42725
2.78175
0.825031
2.79815
2.76748
3.26153
3.28699
2.78587
1.02375
2.63241
3.59477
1.85183
3.37596
2.19125
1.80855
2.91496
3.00875
2.04028
0.76025
3.18311
1.74427
2.33318
3.44757
2.66602
1.37366
2.04028
2.19301
3.36537
2.74245
1.07009
1.98775
0.170503
1.48156
1.96782
1.78778
2.88016
2.99653
1.85723
1.71201
0.501404
2.96902
3.86041
3.99097
2.29203
1.898
2.73166
3.21669
0.922867
2.34007
1.63914
1.37533
1.96978
1.60198
2.95631
2.02453
2.45315
1.46432
3.07863
0.694081
2.51405
3.00742
2.31069
2.08327
3.06665
1.8528
1.68782
2.05635
2.65985
2.6765
2.31563
2.86569
2.3186
1.53926
2.7869
3.70141
1.43136
1.91183
0.931675
1.66581
2.11976
2.3824
3.28533
2.23344
3.81447
1.35497
1.6807
2.10461
1.74119
2.89266
1.58763
2.16022
1.00778
2.87036
1.27866
2.52133
3.29167
1.22622
2.23237
2.97855
2.54822
1.96963
1.84098
2.42912
2.75325
2.25783
2.87537
3.3695
1.94298
3.06305
1.84635
0.911529
1.58441
1.53981
2.65843
2.60885
2.72234
4.01308
2.95719
1.88335
3.34254
2.00089
2.27437
3.25563
3.43481
2.55599
0.866725
3.16402
1.00104
0.0197473
2.31568
1.53546
3.17281
2.57996
2.45506
1.19593
2.96724
2.756
2.69421
4.88922
2.77822
3.31898
0.757781
1.97163
1.45283
2.97317
1.65804
2.44136
2.75254
1.34678
2.62572
0.63527
2.19828
2.90743
1.22715
1.85579
1.38131
1.46321
2.77497
3.37798
1.07197
1.85525
2.48078
2.256
2.93186
2.60533
2.25092
0.531183
3.19942
2.16587
2.27492
1.86368
1.29919
1.92112
2.51375
3.29064
2.15785
1.82629
2.57802
3.25436
2.54611
2.21042
1.8739
3.21814
1.38917
1.9598
1.90051
2.71561
1.55184
1.76364
2.31516
0.757668
2.46707
2.35487
2.41569
2.72043
1.29959
1.20795
2.73712
1.64776
3.23211
1.25375
2.62717
3.0071
1.92674
0.770209
2.37371
2.97962
2.17238
1.8906
3.27536
3.18503
1.78542
2.03411
2.45855
3.2452
2.11994
1.57713
1.65582
1.83963
1.80259
2.30316
2.16189
2.38462
3.80191
2.66988
3.59759
2.21035
2.75044
1.81918
3.88016
1.69908
0.957218
2.7343
3.08618
2.99616
2.46518
1.37852
3.31843
4.02488
2.61662
1.36286
1.53927
2.91398
2.11035
2.20891
2.08506
2.58394
2.22927
2.436
2.49542
1.63643
2.23032
2.83156
2.13369
1.97776
1.25635
1.94224
2.60426
2.08554
2.70706
1.79884
2.73741
1.82415
2.07973
2.51063
2.36586
2.40476
2.72822
1.08049
2.59462
1.89143
1.13202
2.84078
2.01376
0.99916
3.07126
3.35676
1.32753
2.51311
2.34908
2.70373
0.978203
2.50678
2.44984
2.05031
2.66076
2.55748
2.91131
3.38924
0.805006
0.954575
1.68616
1.61224
2.88637
1.97365
3.26924
1.18259
2.4736
2.27182
1.3026
0.0829834
1.46553
1.26269
2.32349
1.38433
1.21746
2.90442
2.70625
0.75699
1.94083
1.38265
1.19362
0.876758
2.13357
4.09961
1.47601
2.89546
2.2001
0.977484
1.92768
2.22905
2.29796
1.82969
1.21279
1.88832
0.417655
0.863762
1.0927
1.97187
2.98988
2.02338
1.78998
1.65207
2.73264
2.00691
1.0447
1.32166
2.48802
3.57376
2.96904
3.01942
3.27095
2.37187
2.78939
0.660129
2.09355
2.37316
2.35948
3.10596
2.92807
3.02798
3.22869
1.81411
1.55513
2.03593
3.11522
1.14737
2.48548
1.55058
3.23498
2.28449
1.51829
2.38985
2.01702
3.36684
2.87066
2.86576
3.76919
2.00836
2.07372
0.0199903
2.19342
2.30218
2.78273
1.78934
1.99391
1.55093
3.49174
2.69026
0.796829
1.20841
2.15405
0.933776
1.69182
1.92545
2.67879
2.06973
1.34423
2.43698
2.78356
0.975962
1.18034
2.171
3.42098
3.39637
3.00786
1.71859
1.86646
2.37027
2.3119
4.17714
2.36538
2.10791
1.54336
2.28315
1.44272
2.77742
2.37221
2.0112
3.23332
2.01657
0.979637
2.11908
3.35811
1.97179
3.02889
2.47266
1.75472
1.79066
2.36314
2.06365
2.67061
3.1656
1.13169
2.41964
0.993445
3.26894
2.12431
2.29663
1.11996
2.94905
0.285018
2.03392
2.54747
1.83094
2.16589
2.10661
1.17947
1.35686
2.22625
2.15239
0.96041
2.25228
1.90985
2.64277
2.24624
1.89852
2.60471
2.1865
2.72669
2.91162
0.833644
1.6418
1.29212
3.0614
0.88883
1.41092
1.61495
2.24858
1.26797
1.96889
1.53697
2.52263
1.97984
1.9246
1.8734
0.904643
2.72785
1.61361
1.68558
3.32048
1.0491
2.54696
1.62298
2.04643
2.17191
2.21898
3.33232
4.83557
3.50564
2.79346
3.01258
1.82653
1.33732
1.81519
2.26633
1.9776
1.92799
2.49443
1.8807
2.32048
1.69755
2.28391
2.82556
2.12179
1.68792
1.2467
2.00703
0.740666
2.22205
1.84586
2.2967
1.16663
1.64219
2.50563
2.44841
1.64862
1.77173
2.75174
0.423352
2.0057
1.944
2.36731
3.58098
1.77356
1.81623
1.76557
2.49864
2.71081
2.00834
0.782748
1.96025
1.5924
1.68453
3.03708
1.24388
2.74619
2.79791
1.05485
3.01984
3.06939
2.46971
2.42001
0.780119
0.624672
2.45967
-0.182699
2.00818
1.96648
3.63514
2.55656
1.67795
2.76354
1.77373
3.81066
2.75919
2.63877
1.32202
1.0865
2.32472
1.76443
1.31927
2.16439
3.4687
1.86283
1.60691
1.8711
2.17992
1.18267
0.801787
1.86201
2.38596
1.80355
2.55884
1.24411
2.5373
2.79648
4.458
2.03418
3.10213
2.42389
2.14805
1.82275
1.42808
2.36596
1.10382
0.737669
2.3792
2.10193
4.04155
2.57239
2.70613
3.5223
1.59787
1.79861
3.29587
2.70852
2.02918
3.12891
2.27489
3.25515
2.97178
1.90643
2.05977
1.85075
2.5142
1.73348
1.5734
1.20531
3.15394
4.90213
1.90482
1.10904
2.09659
1.65931
2.18918
2.46138
2.8576
2.37992
0.814291
2.04029
2.80242
3.07546
3.6493
3.84322
1.20187
2.31529
1.66496
1.69555
2.47741
3.1444
2.74868
2.75792
1.91054
2.61466
2.96463
0.718064
2.67483
2.82162
2.48628
1.06058
3.66313
1.10409
1.96215
1.79467
2.25056
1.89015
1.69389
4.09701
1.86282
0.838894
2.79986
2.26838
2.46592
1.66569
2.95013
2.26875
3.2137
1.77553
2.18217
2.98582
3.26761
2.07382
1.01364
1.87201
2.09758
2.99543
1.13757
3.21896
2.90205
1.2485
1.97313
2.44446
3.21957
1.74938
2.04263
1.80994
1.20162
1.05775
2.12619
2.51353
0.836601
2.68969
2.81946
2.64474
1.8622
1.32539
2.97504
0.989418
1.69084
1.60391
2.3096
2.38459
2.08059
1.55625
1.89379
2.32363
3.05161
1.15876
3.03171
1.30837
0.891159
3.62368
1.45333
2.13372
2.80971
1.93002
1.9364
3.33405
2.30619
2.77922
2.42687
2.40433
2.98822
2.32288
2.30651
1.5278
1.96031
3.67634
0.272968
3.01982
2.39026
2.65182
3.37161
1.28579
1.953
2.72703
1.78504
2.46752
2.19778
1.84841
3.44057
1.68342
2.02143
2.37949
1.98658
0.402196
2.45279
0.960591
1.55429
1.90454
2.7331
3.05098
3.13838
1.36945
2.73321
2.46422
1.23001
1.80308
1.00354
2.30534
1.81781
2.60262
2.54154
1.25897
0.828133
2.02056
0.783837
0.710872
2.12464
0.509394
1.71191
3.7651
1.45904
0.679134
0.753625
1.87486
2.78789
2.37896
2.64755
3.17984
1.72604
1.48669
2.11639
2.65204
3.33654
2.17322
2.73145
2.54357
1.04041
2.54321
1.73008
2.37866
2.24034
1.89333
3.11884
2.66784
1.78233
1.82974
3.07674
2.06028
2.07515
2.66192
2.80559
2.33051
2.10455
1.33039
0.946903
1.70814
2.40842
1.94099
2.75574
2.99753
1.85099
2.73029
2.22744
2.06055
3.81691
3.12053
2.23675
1.05806
2.56497
3.20371
1.09164
0.583633
2.25954
1.21492
1.26159
1.26733
3.70382
2.54991
1.16404
2.79325
2.58635
1.36183
0.812263
2.4269
1.07575
1.29211
1.84643
1.31314
1.15298
3.53818
1.18611
2.75058
0.618019
3.93624
2.98434
2.59714
2.2327
3.9914
1.65583
3.40233
1.95088
2.82193
3.06398
2.97881
3.22131
0.939107
2.47237
2.65346
2.6289
2.16989
2.73294
1.94012
2.22138
1.39672
1.35576
3.06201
2.57035
1.23398
2.78949
2.25937
2.9606
2.63618
1.45743
3.053
3.34264
3.61512
4.13785
2.8705
2.76044
1.7396
1.14895
3.53963
1.82387
2.57894
1.84998
1.41345
2.15815
1.43691
0.926139
3.80704
2.06827
1.75539
0.948137
2.645
1.77532
1.62315
2.41534
2.33663
2.1847
1.84517
2.96097
1.19137
3.14576
0.634618
2.17242
2.21656
1.66375
2.95291
3.2648
1.11485
3.73539
2.37355
2.41333
1.8951
1.5374
0.990546
3.90302
2.2112
1.52026
1.80339
2.73441
0.69796
1.53291
1.58698
1.80951
1.8673
2.27574
2.70159
2.83124
2.53238
2.46469
1.99526
2.14174
1.39941
1.876
2.02254
2.74018
2.87093
3.09308
2.73494
1.90261
1.08744
3.37202
0.881267
1.37234
0.778328
0.989451
2.05852
2.70164
2.48439
2.84342
2.34935
1.44934
1.82731
1.66084
1.34438
2.41771
1.68199
3.04882
1.94495
0.81865
0.790831
1.50636
2.13979
3.23829
2.88583
1.91989
2.08165
1.23594
1.4426
1.51399
1.19673
1.41967
2.93783
2.09463
2.24448
1.87762
1.7643
2.62558
1.54175
3.08091
2.71018
3.0057
1.92046
1.48662
2.44898
2.7559
2.16867
1.37447
2.26539
1.78772
2.5573
2.28772
2.88353
2.146
1.51288
1.5807
0.650498
2.1805
4.23721
2.75701
1.17704
2.17205
3.11729
2.18721
2.41866
1.38063
3.4251
2.46264
2.34578
2.33785
2.05841
3.45261
3.10479
1.64768
2.55377
2.05893
1.93876
1.71156
3.16243
2.32153
2.72113
1.61196
3.70231
2.66605
1.71967
3.57239
2.1566
2.19664
2.50904
2.90676
1.13261
3.27221
1.03113
0.988083
1.22926
3.90383
2.24461
1.41579
1.12014
1.76812
1.76909
1.84778
2.88566
1.50439
2.24975
1.74257
2.77839
2.01192
1.85571
1.68157
2.73261
3.77378
2.73181
2.33745
0.327045
2.17443
2.9174
3.47103
2.27342
4.07149
3.10944
2.31859
2.82061
3.59391
1.63719
1.38861
3.14131
1.18545
2.02532
1.36935
1.20993
2.51656
3.88479
1.10049
2.60228
2.00023
2.92912
3.50187
3.11896
2.14877
2.83742
2.03632
2.6334
3.65959
2.10607
1.76087
1.27733
1.59036
3.26902
3.25787
2.43836
2.53105
2.0619
1.93145
2.48663
2.22636
2.80532
1.05815
1.99924
1.86669
1.09344
2.23395
2.64792
2.59789
2.62901
2.02244
0.970273
3.42084
3.01564
1.94701
1.00719
2.19371
1.71788
1.34054
3.26536
1.42681
2.1893
1.24445
1.99777
2.30528
2.54177
1.32924
2.11051
2.57642
1.92459
1.48559
1.67332
2.01432
3.89889
1.81776
0.84174
2.26916
2.61021
2.24941
3.04884
2.02751
1.82028
3.07567
0.407549
1.43356
1.70169
2.1651
0.678263
0.467086
1.65866
1.54133
3.24716
0.914729
2.0405
1.33802
1.98259
1.31216
4.28535
2.93578
1.54754
0.337256
1.94524
1.97652
3.39984
2.76248
2.24064
1.67216
1.85449
2.36162
2.65116
2.77512
2.27151
2.70139
2.23455
2.31303
3.41615
2.41742
1.01192
1.86144
1.95251
3.05666
3.93436
1.47403
1.81731
2.18805
3.52164
3.44362
1.51769
1.92593
0.65275
1.73218
1.92134
0.733998
2.5151
1.18653
2.32549
4.1817
1.53022
0.809597
2.00629
2.16675
2.88886
3.12578
1.27102
2.34107
2.99498
2.53786
1.57789
2.27522
2.41371
2.01916
3.24863
2.90946
2.21932
1.59524
3.04489
1.93331
4.03017
3.18176
1.31336
2.17012
2.76523
2.50584
2.2381
1.22855
0.81174
2.89097
2.39749
2.77767
2.80776
2.14571
1.6598
2.75536
1.60102
2.0151
3.69912
1.72109
1.0512
1.43776
2.42182
1.96304
2.37799
2.12241
1.13343
0.86709
2.12108
2.14096
2.85736
1.67703
1.68298
2.28405
2.2592
3.02537
2.42986
2.91511
1.24078
0.894002
1.61558
1.02835
2.76336
2.54569
1.30421
3.02278
3.04057
3.94369
2.01342
2.85579
1.48128
1.53589
3.0836
2.94657
0.931385
2.47201
2.40163
2.39575
2.17102
3.07337
1.84119
3.51349
2.63662
3.4621
3.41351
2.52112
2.73934
2.22219
1.50891
1.80971
2.77938
1.19025
2.19332
1.36822
2.01839
3.05465
2.32001
1.34059
2.79922
1.43482
2.2049
2.70447
1.66338
0.254927
2.56418
1.47478
0.795942
1.55319
2.56728
1.35581
2.84763
1.82745
3.66738
1.38939
0.448253
1.80702
2.05197
1.84049
2.76387
2.16699
1.17402
0.762407
1.97675
3.41414
0.271535
0.496171
3.08497
2.04875
1.37584
2.62152
2.71863
1.80171
2.28368
2.88108
2.47534
2.72106
2.65588
2.55337
2.0511
3.21116
2.10476
3.03942
1.36497
1.96589
3.37751
1.43152
1.40714
2.02362
1.01312
2.95404
2.40886
3.04545
2.25474
2.20178
2.05747
2.69117
2.51497
1.42642
3.17424
2.97178
2.32058
3.1824
2.88544
3.32398
0.395812
0.522974
2.41416
1.75813
2.11564
2.09989
2.38658
2.31898
3.03263
1.71003
2.84575
4.04955
3.52388
2.53754
3.26136
1.48978
3.94787
3.5185
1.11655
3.02069
2.51197
2.56277
3.07574
2.84529
1.35383
2.69525
1.77285
1.74141
1.86943
2.39764
2.66118
1.23727
2.4301
3.4824
2.85551
3.07864
2.11616
2.28247
2.74588
2.02117
3.30918
0.857762
1.55763
0.373743
2.08617
1.64484
1.58962
3.39172
2.38173
3.12205
1.48556
1.54816
0.504257
1.53609
2.24048
3.34683
2.19103
2.51388
2.08144
1.42416
1.2963
1.26095
1.87533
1.41805
2.44924
1.50918
1.66707
3.22849
3.13953
1.00782
2.80257
1.00818
2.93129
2.32099
2.59864
0.818491
2.15048
2.64463
1.61455
2.19597
0.248594
2.40876
2.24743
2.15952
1.98966
3.28036
1.21193
3.50515
2.95551
1.43133
2.75305
1.66676
2.83667
2.07088
1.67216
3.47445
1.58481
2.37047
1.95529
3.26954
2.4696
1.12899
3.39751
2.20457
2.07064
2.12303
2.52004
1.96491
1.86098
2.98676
1.76344
3.39737
3.21954
3.58701
1.50483
1.90718
2.26352
2.80818
1.84581
1.95121
1.65298
1.06675
2.21074
1.79423
1.69376
1.34493
1.95855
2.18403
3.24851
2.76462
2.38786
1.79505
1.27035
1.22364
2.85998
2.92486
3.04815
2.31572
1.60437
2.42403
2.07923
1.36686
2.48624
3.39767
2.66422
1.37251
3.47945
3.4978
2.27458
1.5192
3.01129
1.82561
1.52394
1.47986
2.76371
2.81969
3.13945
2.93123
1.95322
2.54403
1.27831
2.20337
3.09963
1.41205
1.87892
2.24118
2.02609
2.63057
1.77983
2.82716
2.8477
2.31864
2.70947
1.59958
3.38419
1.93251
2.62956
2.88543
0.536821
2.77764
2.1051
1.62396
2.21107
2.94151
2.17314
2.4781
2.93549
2.37414
1.22677
2.8675
1.97985
1.6399
2.64552
2.72344
2.59732
0.719442
2.70428
2.71524
1.45296
2.85731
2.42974
3.11041
1.41915
2.15896
2.17268
2.44542
2.93186
3.2848
0.675423
2.06924
2.17913
1.87106
1.20376
2.7619
2.28353
2.63473
2.6914
2.25743
2.45276
3.10727
2.49948
3.07512
1.92397
1.91583
3.17124
2.82791
1.38485
2.27138
0.00305794
2.05172
2.53706
2.04484
1.20738
1.33104
3.14616
1.87886
1.74292
3.04181
3.2318
1.3934
3.14203
1.57767
1.58481
2.48236
3.5578
2.82734
3.33971
3.68123
2.28787
2.86144
2.53992
3.29632
1.14697
3.82067
1.68606
3.19986
2.28801
2.29545
3.12041
2.03764
2.77629
0.888254
2.35651
2.08973
3.8216
2.87216
2.38355
1.72421
2.63581
2.605
3.00162
3.90342
4.52648
2.25034
2.78399
2.87122
2.77499
2.84248
2.26648
2.46936
2.69344
2.83896
2.22897
2.18022
3.74581
2.85194
2.50319
3.16214
1.37141
2.55833
2.29736
2.68172
2.97776
1.93432
3.17876
1.14352
3.32648
2.91647
1.58095
0.788196
1.8789
2.81094
1.28477
2.1448
1.58074
2.57933
1.0129
2.47446
2.17823
2.06063
2.31825
1.23341
2.0427
1.66568
3.50136
3.54432
2.06422
0.997835
0.353467
1.77541
2.46293
3.25877
1.33582
1.48412
1.16548
2.2265
1.87791
2.41634
2.86161
2.43386
1.90212
2.05198
2.62752
2.82473
1.98357
2.71123
2.31946
2.04186
1.86095
1.39288
3.04831
3.30054
2.18933
1.31563
3.2176
2.51227
0.448179
3.24564
1.54458
2.30757
1.31281
2.45283
2.53112
1.74327
1.9032
1.67251
1.63824
4.33973
1.66686
3.32862
1.13692
1.61662
3.26112
1.50817
3.34136
0.210224
1.67781
0.954118
1.66869
2.36861
1.69892
1.0768
2.10466
0.251587
2.37958
3.64882
2.01621
2.48001
2.78458
1.08781
1.45293
1.88794
3.72095
1.39002
2.24642
2.66437
0.693565
2.51876
3.1615
2.70314
0.878017
1.63748
2.54645
2.02809
1.26061
2.04628
1.82344
1.51062
1.99021
2.4228
1.0701
2.15939
2.98341
2.3721
1.21226
0.476285
2.13733
0.729242
1.90003
0.699644
0.964832
2.20684
3.36645
2.39608
1.54488
1.62001
1.26888
3.26477
0.239005
1.5203
1.19073
3.44747
1.31177
1.05611
1.25229
3.76757
2.92355
0.247934
2.09979
3.50353
2.63997
2.33981
3.24057
1.30935
1.57981
1.06109
2.55466
2.03489
1.85567
2.62613
3.64849
1.22291
2.0865
1.90342
1.70848
1.94386
1.96705
2.18954
2.47301
2.71382
1.99666
2.0714
2.79433
3.13419
2.11817
1.47378
2.20684
3.19751
2.12831
2.7064
2.42502
1.00668
1.62267
2.78579
1.9059
1.85955
1.22974
0.937381
1.55641
2.31676
1.71806
2.03255
3.33182
2.87637
1.19501
3.8904
2.84322
1.79326
0.99308
1.34218
3.36715
1.63569
2.42368
1.82362
1.68793
2.39962
2.81834
2.84178
3.50514
2.17038
1.91887
3.49667
2.71087
2.55761
2.56653
2.60891
0.946271
1.29998
1.29238
2.5362
2.11895
2.54773
2.28242
2.69258
2.44159
3.27702
2.84391
2.44924
1.83669
2.9485
1.34479
2.67927
2.5989
1.94199
2.46461
1.66955
2.00857
2.65041
2.03233
2.74294
2.11041
2.13024
1.13314
1.69788
2.82307
3.69821
2.21276
3.35867
2.88671
1.99434
2.13995
1.95347
2.83674
2.47561
1.95437
2.90468
2.50841
4.01171
2.07457
2.05938
2.19692
1.76267
1.9044
2.05139
2.08759
2.43505
3.54628
2.37191
1.61597
2.60259
0.919172
2.88684
2.42192
2.3399
1.56463
2.43302
3.46979
2.65753
0.697912
3.12303
2.3488
1.86525
2.77175
2.37705
1.69201
2.27291
0.796939
1.57494
2.25506
1.82299
2.00381
2.65522
2.29115
3.02422
2.20818
1.79126
2.50813
3.32012
2.72218
2.92345
2.84095
1.94551
3.46642
1.87096
1.66659
1.77529
2.88418
1.91937
1.37404
1.46428
2.67675
2.298
2.7753
2.74441
1.41388
2.3567
3.16546
2.25033
2.28257
3.65284
3.85438
0.59051
1.40356
1.73707
0.295588
1.58601
2.75688
2.03885
0.376286
1.63049
2.10735
2.48636
4.17512
3.28493
3.27802
1.27243
1.62127
1.81059
2.329
2.89652
1.6954
2.31441
0.513664
2.76901
0.409453
4.03274
2.70155
1.86021
1.83358
1.99261
2.37671
1.39338
2.40015
2.76111
1.49499
1.2983
2.21461
1.79821
1.85536
2.85874
1.63329
3.59329
3.27271
3.71841
1.60203
3.26776
1.94518
2.03018
2.74118
0.607925
2.40167
0.312917
0.736629
1.71287
0.57739
1.88628
2.45107
1.32036
2.83374
2.21027
0.926718
2.84241
1.40487
3.05974
3.23166
2.83255
3.30192
1.28082
2.71605
1.98011
2.06771
1.85857
1.20254
1.4177
1.42467
1.11124
2.80227
2.58282
2.34208
2.81834
2.17578
2.72871
2.83092
2.25708
1.68018
2.64753
1.81232
2.51396
1.81563
1.93169
1.42042
3.06473
2.61707
1.11881
3.05957
3.31847
3.08647
2.70859
0.871572
1.77466
2.53736
2.76445
1.22444
1.77638
2.88451
2.31422
2.96205
2.05382
0.907561
3.0685
2.04106
2.29508
2.38699
2.10558
3.69619
2.65472
3.32551
0.889971
1.44808
1.82853
3.50187
1.90623
1.33416
2.37598
1.138
1.57751
3.89549
2.34144
1.43109
2.47213
1.72522
1.92407
2.2899
2.70757
2.49552
2.17423
2.59785
2.94832
1.20967
1.95962
1.78411
2.1373
2.80686
2.07219
2.34431
3.12508
2.42416
2.96475
2.70842
2.17836
2.14923
1.19567
1.3101
1.24052
3.20637
2.73019
2.20133
1.85276
1.10105
2.39959
1.72454
2.56593
2.15907
2.50567
2.56876
3.29397
3.01135
3.00716
2.51264
2.1312
2.73289
4.10556
2.67547
0.844477
2.3497
2.4184
2.5709
2.45038
1.41104
3.27118
1.92887
3.85384
2.26772
1.44154
2.56252
2.11286
2.20279
2.83197
3.36379
1.33572
2.19901
3.11378
0.679179
1.22537
3.51348
2.11005
4.03165
2.10331
2.41107
1.06422
4.17279
2.68614
2.38299
3.0704
1.0624
1.32752
2.55108
1.678
2.84021
1.76129
2.79456
2.36952
2.66738
2.22397
2.36934
1.52128
1.83734
2.16743
2.55767
3.07363
1.85596
1.86371
2.91185
3.09439
1.99703
2.31628
2.80824
2.0872
1.88302
2.79687
2.31873
2.32511
1.78169
0.677904
1.98225
2.47463
4.30156
0.72642
3.21368
3.12497
2.28576
1.33796
2.75179
3.51061
0.912337
3.15628
2.08877
2.61149
2.28514
1.45288
2.45696
2.50215
2.13207
2.25367
1.6204
1.8404
3.55878
3.13781
2.17571
1.71108
3.20314
2.31248
2.72502
2.63065
3.53826
2.8549
1.35858
2.84673
1.49099
3.2081
1.49461
2.15082
1.43182
1.35016
2.86019
1.82352
2.6189
1.0186
3.24945
1.98596
2.07117
3.07631
3.78189
1.99713
1.44308
2.649
2.42915
1.9922
1.90168
1.52612
1.86142
2.74964
2.72935
3.22132
2.43508
2.62709
1.88075
1.09652
1.28345
2.7065
1.34961
3.72353
1.71938
4.06336
2.10426
2.52194
1.16621
1.54538
2.13345
2.54471
2.89368
2.99825
2.10084
2.74814
0.278967
1.65149
3.48224
2.88893
0.977027
1.42115
2.17577
2.41569
1.98908
2.43447
-0.254892
2.27134
1.55392
2.78199
2.12427
0.744021
2.01977
2.10725
3.90337
2.86401
2.72976
2.46899
2.06125
3.33937
2.21172
2.11713
2.17703
2.66632
1.31371
2.52251
1.87085
1.93465
1.99132
2.04122
0.74575
1.99514
2.8087
2.94979
2.06869
3.28545
2.6072
2.87144
1.60689
3.23224
3.09978
3.23678
2.56622
2.39097
3.58295
1.45964
0.845766
3.78644
3.46661
1.82471
2.11288
2.94918
2.72747
2.07572
2.36891
2.06113
2.42711
2.22935
3.64016
1.66174
2.89187
3.78056
1.82461
3.38648
2.23425
2.32849
1.99049
1.3676
1.36045
1.81651
2.00099
2.63552
3.18577
2.0029
2.4082
1.74912
2.06719
2.35189
2.94065
3.15621
0.550985
2.27335
1.56248
1.32912
3.32928
2.77882
1.861
2.75226
0.62528
3.49257
3.63087
3.23402
3.10866
2.07603
2.43039
2.6492
1.87536
1.58557
2.47114
1.8203
1.08696
2.41609
1.76598
1.76499
3.33982
1.1462
1.69671
0.966319
2.15967
2.74799
2.15246
3.54239
1.22289
1.89194
3.15706
3.018
3.16892
3.03477
3.46675
2.944
1.66468
3.43808
2.20223
1.28627
3.34933
3.43631
2.54976
1.53134
2.47769
1.012
2.88388
1.79735
2.86622
1.81795
1.23658
1.7071
3.56734
2.96135
2.73312
0.402883
1.78883
0.0861657
2.82491
1.98349
2.3229
1.00145
3.10195
1.46349
1.84414
1.75891
1.50781
3.75979
2.77626
1.86469
1.21537
1.66288
3.03769
2.47137
3.46177
1.77615
1.74394
2.71888
2.74254
1.62468
2.19994
1.22105
2.40508
2.83999
2.15807
1.49998
1.46143
2.58658
2.93368
2.65629
2.17711
3.53517
1.21272
1.72628
2.82757
3.26705
1.45496
3.18804
3.07747
1.22741
2.8007
2.13501
2.06916
1.61355
2.48746
2.22932
2.01326
1.76291
1.88301
2.4921
0.581958
3.10371
3.3093
2.19396
2.2828
2.9163
3.29968
1.76707
1.37503
1.37457
2.43667
2.47638
3.03834
2.86617
1.99079
1.89757
1.81162
3.23705
2.44314
0.522178
2.28456
1.0614
1.86467
1.11104
2.80903
2.91711
2.03909
1.56325
2.015
2.76555
2.25621
1.93399
2.21069
1.38995
3.23757
1.8857
2.93336
1.70753
2.31439
0.676138
2.19085
2.00835
2.51035
2.98644
0.999399
1.97723
2.43623
2.28628
3.2501
2.47162
2.24146
2.31888
2.96711
2.42897
1.47379
2.76165
2.87489
1.74034
1.96951
2.31075
2.34921
0.49784
2.72504
2.20038
4.19229
3.87507
2.7361
3.93879
1.50276
3.23991
1.8683
2.33045
2.55186
2.07675
1.06696
1.78588
2.24904
2.3876
3.5858
1.09357
1.04034
3.18231
1.9018
3.06028
3.12802
1.26531
2.47435
2.10793
1.31092
1.88308
2.40946
2.54278
2.96301
2.2351
3.10115
1.20621
2.58511
2.04634
2.73343
1.98772
2.73288
0.79632
2.10655
1.04838
1.44073
1.02875
1.34352
2.85363
3.42622
1.89358
3.06463
2.01423
3.01424
4.09142
2.00132
2.44665
1.50513
3.63151
3.45009
2.87111
1.04112
1.48838
1.04995
3.18039
2.63268
2.61771
3.44294
3.181
1.08718
1.69038
1.76681
2.21833
0.433148
1.7889
1.47815
1.51
1.84024
2.42554
2.01502
3.11619
2.34163
1.88497
2.47645
3.08899
0.380405
1.19063
2.68108
2.10748
1.01096
2.22162
1.09136
0.327383
1.61182
2.83767
1.87392
1.87198
2.75168
2.33471
2.4972
2.01323
3.02439
2.6115
2.60465
1.78119
1.46985
2.84801
2.50481
2.21494
1.36192
2.46984
1.73368
2.80708
3.72548
1.76805
2.62183
2.38535
2.57697
1.66989
3.48405
3.19692
1.79636
1.63033
3.2411
1.9144
1.66617
1.48955
2.91959
3.15021
3.58225
2.04718
3.26326
2.53532
3.1286
1.23906
1.66805
1.60678
3.08776
2.21722
2.60447
1.96675
2.89144
0.618386
0.843309
2.60548
3.11394
1.37855
1.87469
3.21637
1.19378
1.70435
1.78032
2.6086
1.34164
3.53379
2.0254
2.66941
1.15463
2.31601
1.77115
1.79804
2.75002
1.67649
2.58087
1.59522
0.251898
3.43077
1.39737
2.87779
2.03644
2.31939
0.557559
3.94105
2.64024
4.31528
1.7243
2.63642
2.59487
0.708493
4.18389
1.85071
2.60987
2.3092
1.83194
1.84592
1.45106
2.56482
1.82104
2.67674
1.67445
3.08036
2.0915
2.12762
2.12812
2.66268
1.96682
1.47775
2.68556
1.81347
2.4674
2.94855
2.75746
1.22234
2.94635
2.80561
1.87986
2.96089
1.83749
3.86064
2.18796
2.32864
2.64892
2.42532
1.79818
3.23744
1.92657
2.28739
2.6291
2.46692
2.24838
2.05628
1.42267
0.324219
2.26042
2.81812
2.09582
2.43034
2.35633
4.52654
2.75686
3.45722
2.062
2.17053
1.86999
2.66851
1.24986
2.50673
2.84321
1.87492
1.70583
1.09926
3.70325
3.41776
2.75507
2.51831
1.65639
0.213137
2.78319
2.41633
3.11581
1.99476
1.77096
2.18953
3.44067
2.84602
1.8424
2.39845
1.49327
2.44906
2.4382
1.77257
1.5077
2.30555
3.23607
1.2455
0.948789
2.33923
3.45741
2.32323
2.11912
3.32758
1.87504
3.44683
2.98837
1.98961
4.47822
2.77644
2.51595
2.69446
3.23502
3.23478
1.65701
3.04411
1.76006
1.82355
1.95312
2.48145
3.59951
2.88623
2.29413
1.80174
2.42334
2.93734
1.92424
2.01853
2.3371
2.44095
2.9176
1.61265
2.56364
3.12851
2.63634
1.45965
2.63205
1.64145
2.03826
1.95408
0.772732
1.75282
1.56657
2.40914
2.81779
2.30361
3.36564
1.5512
2.8594
2.15318
2.74839
1.78196
3.30909
2.32505
1.09851
2.23458
3.60292
3.50914
1.77227
1.03721
1.56562
2.39604
2.34814
3.5272
2.64535
1.7301
2.67371
4.55638
1.97116
3.35264
1.25243
1.78064
2.10489
2.90372
1.50738
1.36523
3.04934
2.10827
2.28301
1.24732
1.82548
2.00339
2.93103
1.40516
1.67857
3.39011
3.26264
1.68229
2.50505
1.2774
2.11728
2.05523
2.60501
1.67073
3.10636
2.40239
3.75084
1.84283
1.62765
2.87671
0.452087
2.32044
2.57511
0.803848
1.94052
1.96043
0.283088
1.76094
3.03273
2.95136
1.55066
1.99414
0.440311
2.82408
1.41729
1.93906
-0.551521
2.87402
3.08689
1.49222
2.13346
0.00102485
2.9787
2.58167
1.15935
2.17467
1.82542
1.95305
2.58764
2.42771
3.83805
2.94006
3.0724
1.23949
1.47479
2.06143
2.20292
0.694664
2.06652
0.537968
2.16057
2.61822
2.0776
2.70714
4.01142
2.27552
1.5056
1.30926
2.29789
0.736889
1.52691
2.53609
2.04364
2.16428
2.05467
0.687401
2.86699
1.79289
3.15332
3.92286
2.47491
2.822
3.06416
3.39401
3.62101
3.27444
2.37625
3.22415
1.09656
2.25592
1.8534
2.65139
1.99098
1.35744
1.45618
2.80768
4.06842
2.38641
0.773748
2.41608
1.35926
3.23003
1.81979
1.61112
2.18957
3.90664
3.09822
3.03115
4.66943
2.81561
2.06448
1.58569
2.41385
2.70692
2.6602
1.57594
1.96806
2.23866
4.31766
1.33576
1.2683
2.63829
2.09722
2.50239
2.96101
1.78224
3.16787
2.18452
1.18561
2.22554
2.48962
2.9548
1.50982
2.72482
0.989781
1.74591
2.54574
-0.188889
1.92885
2.55419
3.54785
2.35041
2.53443
2.14776
2.16316
1.4908
2.19866
2.15949
3.77558
4.53589
2.97961
0.738738
2.27744
1.97109
4.46413
1.32862
2.86339
2.02285
2.77477
3.06027
1.68286
1.92522
1.48933
1.89633
2.09763
0.799424
1.83459
1.81103
1.20533
0.752023
1.15264
1.74205
1.41109
2.44783
1.44801
2.10385
2.67936
1.71502
3.37589
2.13064
2.84412
1.8162
4.1174
3.15276
1.98062
2.04624
2.54456
1.20413
3.23723
3.15334
0.959673
2.03937
2.33607
2.04945
1.22138
2.76045
2.85667
3.54488
2.0079
1.52317
2.08106
1.3797
1.54725
2.06735
2.10231
2.75628
1.01725
2.36323
1.35419
2.48252
2.1081
1.39636
1.79793
0.625777
1.85145
2.21401
3.41999
1.40068
1.83504
1.57696
3.60731
1.08469
3.26174
2.00035
2.2284
1.77462
2.20553
1.15167
1.25594
1.44918
1.52511
2.05784
2.09007
2.28491
2.13409
3.02312
3.51732
2.86663
2.13233
2.08736
1.44432
1.81609
2.6845
2.74109
1.54591
2.12478
3.00983
3.65641
2.32281
1.25747
1.49981
3.53334
2.22968
3.25911
1.73005
2.69364
2.17958
2.64278
3.06429
1.40723
0.998117
3.58567
1.50492
3.08165
1.82329
1.39789
1.10289
2.50697
2.00369
3.17201
4.27703
4.29794
1.90926
2.67903
2.29817
2.60807
1.99678
3.1969
2.96738
0.910416
0.66155
2.82101
1.51107
1.15966
2.70925
1.43673
0.755998
0.848643
2.97575
2.24803
1.31304
2.2138
1.71488
2.5387
2.86967
0.91841
2.80445
3.05069
1.4392
2.64276
3.15836
2.70884
3.19482
2.625
2.09496
2.84357
2.34133
2.81468
2.73493
1.63516
3.24378
4.47811
2.47113
1.47079
3.04443
1.36633
1.84323
2.24397
3.03855
1.59487
2.14642
2.41454
3.93322
1.08351
2.52433
1.17274
2.34871
1.9274
0.581301
2.40683
3.27085
2.85349
2.84958
2.08708
2.78034
2.20101
1.53904
2.06472
2.38579
3.04452
2.11267
1.8467
2.82526
3.75036
1.67855
3.05197
2.54855
2.65957
2.00595
2.5143
2.26111
0.968899
1.60248
1.85656
1.67197
1.36581
2.47364
2.01034
4.19137
0.99929
2.3496
2.31439
2.18502
3.2634
2.11686
3.66693
2.28874
1.93192
0.822576
1.83623
2.53146
3.8485
1.66433
1.15421
1.87347
1.94569
2.74742
3.35198
2.38079
1.95234
3.17212
2.67366
3.74314
1.25718
2.84268
1.86482
1.73149
2.91389
1.32012
2.25929
2.13143
2.55925
1.93121
2.87036
0.806775
2.18353
2.24301
2.08629
0.846805
1.12453
1.83454
3.39345
1.5575
2.62919
1.20108
2.63071
2.22756
2.84088
1.1839
2.15691
2.81231
1.92487
0.815735
1.48155
2.9439
2.07928
1.66772
1.74644
4.05985
2.13037
3.03873
1.21332
2.16337
1.83593
2.05552
2.53044
3.56069
2.68198
1.4727
2.39796
1.89458
1.53212
1.90147
2.07965
2.81505
0.958589
1.97739
0.747638
2.01827
1.16828
3.74157
2.2695
2.94448
2.23635
2.91054
2.09824
2.11082
1.96147
2.30887
2.52076
2.65467
2.46113
1.04432
0.838852
2.48273
2.76016
2.22806
1.75467
2.38537
1.58751
1.49408
1.33349
2.23275
3.39231
2.13996
1.91333
1.54362
2.44964
1.04562
1.08513
2.44308
1.72201
2.44646
2.12417
2.58648
0.337952
1.56691
2.44949
1.68923
2.08034
2.11718
2.18061
2.51546
0.85884
2.21856
3.04194
1.15778
1.39579
0.661653
2.48468
1.45308
2.00652
2.04809
3.21982
1.01772
2.25282
1.20833
3.32028
2.79448
2.6954
0.919223
1.38546
1.75002
2.01192
0.824091
1.31753
3.194
0.891009
3.99832
1.50981
1.41309
3.10118
2.57429
3.09383
1.73108
1.48365
1.74335
3.01888
3.24818
3.63406
1.37992
2.92608
2.42682
1.64427
2.2674
2.21212
0.900174
2.4947
2.85191
2.14801
2.74749
2.31344
2.27023
1.03516
3.33354
3.49738
2.92726
1.41797
1.1278
2.20704
2.70923
2.9748
2.1796
1.36768
2.14968
0.94407
1.32836
0.925869
4.19601
2.50102
1.84287
2.51651
2.37021
1.27598
3.38246
3.05725
2.79068
-0.201772
2.62624
2.73844
2.01794
2.23612
3.41468
2.92238
2.64037
1.38284
2.71978
3.01444
1.79441
2.32651
1.94138
1.25573
0.379902
1.66289
3.2917
3.48794
4.5137
2.80984
2.15508
3.56896
1.93975
1.60061
0.899406
2.65026
2.08924
1.95566
3.30594
1.69082
1.76235
1.56899
3.27416
1.85884
1.39778
2.41032
1.77322
2.939
1.50794
1.63769
2.46319
3.03433
2.07814
2.02362
2.75085
1.44601
2.21086
2.96452
2.941
2.13484
0.927205
2.30356
1.96697
0.918727
2.13204
2.51762
2.27205
3.56349
1.88915
1.35934
1.1492
2.36651
2.66872
1.57169
2.54761
3.79725
1.79408
1.81125
0.932337
1.36021
3.42439
3.88357
1.05844
3.199
2.79132
2.33608
1.44374
1.92772
2.19681
2.1867
1.72134
3.04209
2.72728
0.890694
1.30339
3.37901
1.53852
1.82028
1.43347
2.22249
2.89341
1.68995
0.990114
2.89029
1.16233
1.6988
3.87912
1.61768
1.13645
2.05534
2.17163
1.83344
1.41427
2.27209
2.25702
3.11552
1.46088
3.47923
1.01489
2.56185
1.71678
1.56058
1.82789
3.95647
1.56549
1.44371
1.74531
2.19886
2.70183
1.24469
2.36612
1.97672
2.39001
1.51407
1.66184
2.6593
2.17244
2.09063
2.11321
3.17462
2.6005
2.98427
3.46644
2.03578
1.3778
1.41733
3.00834
2.29034
2.7035
1.98673
3.14532
2.87462
3.64362
2.68545
2.85196
1.59466
1.1548
2.66942
2.47564
2.76723
2.03
2.76932
3.18929
4.61835
2.16562
1.65569
2.15519
0.955904
3.12652
1.17531
1.69515
1.35064
1.69028
3.18883
1.27179
3.24197
0.630678
0.841419
1.38924
1.88589
3.13895
2.41949
3.07513
1.97396
2.06385
2.94352
1.07465
2.24049
1.52253
1.51048
1.71332
1.57875
2.03132
3.13576
2.27409
1.73573
2.2685
3.00924
2.76126
1.90976
2.01867
3.7897
2.82944
1.86507
1.78799
2.91369
4.45886
3.47925
1.91482
2.58992
1.10583
2.49333
2.11002
1.6758
1.71778
1.61196
1.47618
2.90588
4.1311
1.66564
2.94516
2.42343
2.26124
1.73129
2.03637
1.71267
1.98609
3.07424
1.68979
2.71442
2.75276
2.44646
2.44513
2.66668
1.17281
2.56207
2.71653
0.877797
3.22183
1.40772
1.33599
2.54562
2.87368
1.18813
1.82433
3.23994
1.88468
2.43717
1.72256
1.08893
3.17207
1.41601
1.2816
1.92513
3.76626
0.712679
2.40241
2.6098
3.47487
1.67722
1.70304
1.72515
2.14193
2.22801
2.50582
1.75551
2.25602
2.25546
2.52784
2.97971
2.05362
1.48055
3.45277
2.92469
3.20697
1.44235
1.84615
2.1667
2.74847
0.903178
3.11402
2.34212
2.49409
1.44479
1.57411
1.46727
3.95524
2.49547
1.21809
2.55667
2.08021
2.65921
1.60521
3.07166
0.777184
1.79811
1.94378
4.07713
1.10861
1.14619
3.4817
2.87323
1.25289
3.55171
3.07752
2.34064
1.39685
2.07155
2.50111
1.47349
2.82718
2.30053
1.18829
1.09865
1.72897
3.05092
2.6909
2.36785
1.51999
1.91738
1.97441
3.61073
1.89524
2.17118
2.13548
3.49094
2.40613
0.400224
3.74302
3.00547
0.862208
1.93728
2.14941
1.98513
1.78891
1.61698
2.73034
2.86376
1.93314
2.40327
2.36657
2.53042
0.802849
2.68516
1.9423
2.78304
2.1808
1.4871
2.08842
2.14414
3.55195
1.44522
2.08252
2.27447
2.47216
2.62384
2.61692
3.06629
1.46246
2.70939
0.881546
1.90102
1.9643
1.307
1.95443
5.00201
0.627807
1.81038
2.15608
1.88567
2.14034
1.97154
2.45505
2.67207
-0.0461566
2.70139
2.12322
1.62896
2.3779
2.23539
1.64897
2.43729
2.46794
2.53436
3.58206
2.19639
1.85506
3.00727
2.4945
1.92415
1.77032
0.823204
3.67167
2.16678
2.00145
3.11539
1.60426
1.79696
1.42742
0.630887
1.7297
2.17355
2.68117
1.09548
2.79139
3.58499
2.56921
2.81829
2.15718
3.26085
2.56877
1.82313
1.97736
2.95951
2.53322
1.55533
2.07051
2.32111
3.28954
2.6402
2.69497
2.76972
2.58854
2.23049
1.67306
1.29917
2.15344
1.6027
2.65417
1.85532
1.22432
2.16824
2.48405
2.38596
1.9817
3.02543
3.2353
1.2396
3.49804
2.2576
1.77287
1.39999
2.06825
2.82248
2.06106
2.45026
2.93793
2.62261
1.75972
2.5156
3.41506
2.76264
1.85088
4.04756
1.44297
2.30506
2.56301
1.84383
1.61257
3.95388
2.66377
2.57035
2.49316
0.883949
1.73412
3.01689
2.60719
1.62852
3.12502
1.78296
2.84541
3.19941
3.59276
2.03862
1.31045
1.94049
3.64524
2.15667
3.31086
0.472107
3.67034
3.31318
1.77362
2.81559
3.40641
2.07455
2.532
2.86725
1.11308
2.0186
1.91621
1.14073
1.58976
4.14771
1.28359
0.620468
1.24083
1.05292
2.88104
3.40873
1.30753
1.43947
0.963912
2.38211
2.61957
1.23598
0.285088
2.79202
2.80739
2.73445
1.61203
1.06526
2.43756
3.75439
2.30185
3.80892
1.93769
1.91883
1.16167
1.78175
2.37738
2.08214
2.14317
2.51528
1.71754
3.12536
2.54212
1.51081
1.71584
1.71516
3.62998
2.01356
1.45059
2.75482
1.91321
2.00834
2.44448
1.80886
1.97995
0.596859
2.2278
1.77004
3.58066
1.02311
2.20083
1.97333
2.59219
2.38297
1.246
3.10119
2.01495
2.89188
1.83844
2.87202
2.08762
1.49977
1.55445
1.28227
2.76894
0.910968
2.03667
2.28973
2.20382
1.94189
3.53434
2.35134
3.83321
