1.581249589303121539e+00
9.297349453913996697e+00
4.555217394236298567e+00
4.574344520417568560e+00
1.061144434417837168e+01
4.434120195748542659e-01
3.761735333322288710e+00
2.664674021403984128e+00
2.584943414852298282e+00
1.174508548870272673e+00
1.069320744786833366e+01
5.046004882541819114e+00
7.705584184394849157e-01
6.190354144864715025e+00
5.861612831190090134e+00
9.561445058070178860e+00
3.069985572530544271e+00
1.683071274286679353e+00
3.988323470031556184e+00
5.139929150163014882e+00
4.031614014725407813e+00
2.938786796397986623e-02
1.015886313659705920e+01
4.715262889384903566e+00
3.478332297295587239e+00
3.107746732837056047e+00
1.589710718395404010e+00
1.157224757371756008e+00
3.183320630497065706e-01
1.738033234311004982e+00
8.522213082527747119e+00
7.827465234332450450e+00
8.296582894017503484e-01
1.542708228025877659e+01
5.431626555379816423e+00
2.503340308059313735e+00
4.242126422194021806e+00
1.553825482017127335e+00
6.911687900683680663e-01
4.216166369157900107e+00
8.559415841243589895e+00
2.566907427828215127e+00
8.525783437770495965e+00
9.135170464054667150e+00
1.046726517605713624e+01
8.983807736850158321e+00
4.875532403325144593e+00
8.503511872248482817e+00
2.114016704380699885e+00
7.132163234495957127e+00
4.848817161946954002e+00
7.153260183527247129e+00
1.227571677374485803e+00
1.147616502219493562e+01
3.820441188392731946e-01
5.256862276101530451e-01
3.427395856393205431e+00
6.728848945036069118e+00
5.614935751869868374e-01
3.192235962596208676e+00
5.120336862239879494e+00
9.427654935226380317e+00
3.388476124810947177e+00
9.029421567927530035e+00
8.115896900286593052e+00
2.100231936942953404e+00
1.802164150437532975e+00
9.241904268462273198e-01
4.612525042532783282e+00
1.376963124843513464e+00
5.021933343378777170e-01
1.031363663317872881e+00
1.775704204527221464e+01
3.005937159098428513e+00
4.600985171544415664e+00
5.701879434126793988e+00
5.690111972768740145e+00
4.887852748203793674e+00
5.853806439196439726e+00
5.406693406675293190e+00
1.824842825229866516e+00
5.159892521757193151e+00
5.053674204148686400e+00
2.635005044786613126e+00
1.429441367768099624e+01
1.152689394137002310e+01
2.258461974743161960e-01
9.680005467098260041e+00
9.374571058996869155e+00
7.182475366471421374e+00
1.901771888911342856e+00
4.629830493566202243e+00
5.041453228887240456e+00
1.991063666148128464e+00
6.569500989143567615e+00
2.465907865832607793e-01
6.192304139427128540e+00
5.590984696168304957e+00
9.299786291815433259e+00
8.683256102681344402e+00
4.891607571428440160e+00
1.172545749879568788e+01
1.169332045376168949e+01
5.872738462311782648e+00
2.892927961992603159e+00
7.528903744980553370e+00
6.329319924412145859e+00
3.658096614511962663e+00
2.968067596768575012e+00
9.266731921943012651e+00
1.907377498860183040e+00
3.428887614176479026e+00
1.213574907440722273e+00
1.192204087456593120e-01
4.553832288680645490e+00
1.167802183434632823e+01
7.449225146762845640e+00
1.284712770244464397e-01
8.415887547760892318e+00
4.820030038543252182e+00
3.025328695406818147e-01
6.693896072227322191e-01
4.374246562816964889e+00
5.419089185379439844e-01
2.958376917698250175e+00
3.998493628457112870e+00
1.693290457702703256e+00
1.389477055622493040e+01
5.584999012251108397e+00
1.427404292714579093e+01
1.907818602519511586e+01
1.918295326896654052e+00
8.922799161277332747e-01
6.181952838425031516e+00
8.576879036210335983e+00
5.379784522243298284e+00
1.313200942572183827e+01
2.624241425762206426e+00
1.349157714307431588e+00
4.375129822046294747e-01
3.964564366589277800e+00
3.361567822682176132e+00
7.651603354042006089e+00
1.614570243667287353e-01
6.499801806426622974e+00
1.132891689712591354e+00
9.296554130078293898e-01
4.741810996773058839e+00
1.822685377808139773e-01
1.337835077064543299e+01
2.558502076243538981e-01
7.056405349980931163e+00
7.648337610230053762e-01
1.659218271163888048e+01
5.916951431420530483e+00
6.148683884172158054e-01
2.295685011217865501e+00
2.969869611084224315e-01
2.376646327959450300e+00
4.543230434129551298e+00
2.652535376911837162e+00
7.480786275819535369e-01
2.851746037731776595e-01
1.078727969091367456e+01
1.151106897309977173e+00
2.626901060667974797e+00
1.024969662541183268e+01
1.525706817568918405e-01
4.196652281999593725e+00
3.656416255325515507e+00
2.581580458959117585e+00
2.441945340353996574e+00
8.984191808866665241e+00
6.953381081614397052e-01
4.620269801245211472e-01
8.476310201769379216e-01
5.990734502567180542e+00
1.545423424182737149e+00
3.385127815819903851e+00
1.064831555827891663e+01
7.516572206800592681e+00
8.872700960132101633e-02
9.422722277506778710e-01
5.822547413823375706e+00
5.249608446678922569e+00
3.447492335751051851e+00
2.779668340760996337e+00
6.551769775127903372e+00
6.310754950645001138e+00
9.603119421466519423e-01
3.313580033241510403e+00
2.118845772728890520e+00
8.736151589224206759e+00
2.754826515937047304e+00
3.491780041154563641e+00
1.766147583790030007e+00
1.089739658958673729e+01
1.982761476645218401e+00
8.615589915661370668e+00
7.303316494792870373e+00
2.692234861523466805e+00
5.350618904888278848e+00
8.471818795981324257e+00
4.402959857605349137e-01
1.645031294735277205e+00
5.074090125190676481e+00
2.540383719835340948e+00
5.422159362827455809e+00
5.242081819887873806e+00
6.450575254240253908e-01
5.909786717172673676e+00
3.327037287304590585e+00
1.602412835510651234e+01
2.240691134536166196e+00
8.696514455624782869e+00
1.122382320287973689e+00
4.337530474291396293e-02
1.784458565816468667e+00
4.496266351404802464e+00
4.894925180160739409e+00
4.547280301910316958e+00
7.563713076909757416e-02
9.590763812588644299e+00
5.471988314625889416e+00
2.192329136120141797e+00
9.598081315591814544e+00
1.328193981291075243e+00
3.192677593876223074e+00
1.871026776036905481e+00
4.307802672620162809e+00
6.908456941569220078e+00
3.536554648927699773e+00
1.352348501378690226e+00
1.747129084938478627e+00
6.082757063317455470e-01
9.737971524253650202e+00
8.208721616932825427e+00
1.344820492968888281e+00
1.973787798380435554e-01
5.907243639218830999e+00
6.608039954325541032e+00
2.387047454760979015e+00
3.072300396139780787e+00
6.537312290995334063e-01
1.482175980827818318e+00
5.088932023127378024e+00
1.784011934562228952e+00
1.029802796327381920e+01
4.469944302400406855e+00
7.199466116454641629e+00
2.347494696454620333e-02
1.068297411869163582e+01
1.520529752543270607e+00
4.069404837534328773e-02
1.150931388284281320e+00
1.166248279692854695e+01
1.501992862552022956e+01
1.146670379728299771e+01
1.530594312424831394e+01
5.822931355249256757e-01
2.773082073932111036e-01
7.161030569153759018e+00
1.664781600014748175e+00
7.524169014612984707e-01
3.665690311435142235e+00
4.673575677089000457e+00
1.755416581825879563e+00
1.213101378278831888e+01
3.615082570074723556e+00
3.649721960718773417e+00
4.302136460926929473e+00
1.322300122602771744e+00
8.573704673014182376e+00
5.777682138014040625e+00
3.898893551838661153e+00
1.170807257861343320e+00
7.342939160073994387e+00
2.309620430731607055e+00
1.108025582041438639e+01
1.575191460170606295e-01
1.047862399873084494e+00
6.370650421810236885e+00
4.365920272953840650e-03
1.229815562762730785e+01
1.730044406890008102e-01
1.284299486786712130e+00
1.140506005391304978e+00
4.101327249810633901e+00
4.383199209644211614e+00
2.030483411959410844e+00
3.493876305131408788e+00
6.862618764384299297e+00
4.684591206380217088e+00
1.183950548731003138e+01
4.918835223918266664e+00
7.120448573612382648e-02
5.299010463321107700e+00
3.309426864214741304e+00
4.604735730481115397e+00
5.465379682231669145e-02
3.898073812723991338e+00
2.483086176280417501e+00
3.272529224795735381e+00
1.025441942867183931e+00
6.682000389689992659e+00
1.006738149596437637e+01
1.013027276873546434e+00
1.897048257193403842e+01
6.489303068599783231e+00
1.061452578539985092e+00
3.860574631911292132e-01
5.057750283845234840e+00
2.581641197887059924e+00
8.296612858258502143e+00
1.794290220659144341e-01
3.228263545698833781e+00
9.598077417977096681e-01
6.990958319732281101e-01
1.677029907144995891e+00
3.397957058978991363e+00
2.088498528054567593e+00
4.754593412795223628e+00
4.407706689282497869e-01
2.124485747189598150e+00
8.871157768511698904e+00
2.685345496312525615e+00
7.661720371020852127e+00
1.042160160940213487e+01
5.741771385411236217e+00
2.707634855063396073e-01
1.219606256669693423e+01
7.031611851771434329e-01
7.480402135456662549e+00
8.641756488051514751e+00
7.814038777114161505e+00
5.578288807461286858e+00
7.633249822254785322e+00
5.706088604670318531e+00
9.429814628725686987e+00
4.268219766740660504e+00
1.158291079410319835e+00
7.536075109162471364e+00
1.622064075691330931e+00
2.847034120958713999e+00
6.275641901754745788e+00
6.254866186093249736e-01
1.678989919217197624e+01
9.711559800741413895e-01
1.637624772857524036e+01
4.338190172012139634e+00
8.007667024512105103e-01
3.344292839305644804e+00
1.008772539788661327e+00
7.005594126525540588e+00
9.467175996990842890e+00
6.347867847604247160e-01
6.816647534695743360e-01
1.995976108348811895e+00
3.083623383985016897e-01
6.580587012550052961e+00
3.831695407328874481e+00
2.347196881361944598e+00
1.653984037476509350e+00
4.496767847304844246e+00
1.774361408212836944e+00
2.806701316279739622e+00
3.518110678506464417e+00
1.130206154637773075e+00
2.671069680997222306e+00
1.814526353800215208e+00
9.668364754373255820e+00
1.747888178078389476e+00
6.679448952910349568e+00
2.246354981918756266e+00
6.405302792973374792e+00
2.037919577031818363e+00
1.431388286749944339e+00
1.491975305525732320e+00
4.253114836873574056e+00
7.794299717770451608e+00
6.658549024104950753e+00
2.790004209412662473e+00
7.504516737804998172e+00
2.603745713720027055e+00
4.872385176920502659e+00
2.083433900476028278e+00
5.439327346678815012e+00
1.180811456934109049e+00
3.737785316987852546e+00
8.086939711899210792e+00
1.460184564439350119e+01
3.762830045179065941e+00
1.668601355592198132e+00
2.298227366063990695e-01
8.465839527023730327e+00
9.534574438933807627e+00
2.506164591401645492e+00
1.678070561315482223e+01
1.059653702093682703e+01
5.173487248522995685e+00
7.226323598548336946e+00
5.550297286318865986e-01
2.535929496964108854e+00
2.317795838217206583e+00
2.396005670485217731e+00
4.913658753620198105e+00
6.137329147109373828e+00
5.215525369349025553e+00
6.170578212472590529e+00
1.073091645613085987e+01
5.506923701578461561e+00
6.006606036718720176e+00
1.454083346297417734e+01
1.311422013120280505e+00
7.032585359166564132e+00
6.153644427030480202e+00
1.216932474086318727e+01
2.255072452718295928e+00
1.571503921273719406e+00
5.813902530232938126e+00
1.638403579957215328e+01
4.058794210210046494e+00
2.518431214965726195e+00
7.241453524357059024e+00
2.346690839380131344e+00
3.922956824018521971e-01
3.495494904433059380e-02
5.551145297440603699e+00
4.903251004476501862e+00
1.206121449454448324e+01
1.761800667917938412e+01
1.297385142445964590e+01
1.991392704312659490e+01
3.377922950240366262e+00
4.389279422171803446e-01
8.693574992065983054e+00
4.473088285540550046e+00
1.654837801708251277e+01
2.470984209360594264e+00
1.908118938005556320e+00
2.099952892794786585e+00
1.182017832609825625e+00
8.573379346898446940e+00
3.770730900324479773e+00
4.735395520406163072e+00
3.094953745854529092e+00
8.768388307881972210e+00
1.180590470134479930e-01
1.550268687577768212e+01
6.380377458451821582e+00
2.012184129861685378e+00
6.942072803101954903e-02
4.185930047209909688e+00
1.784685179728348281e+00
3.039324762240707134e+00
2.094554875081843015e+00
1.755730584192415344e+00
2.000541629353719542e-01
1.338591892508159020e+00
7.283005575087178052e+00
2.338758961543161430e+00
5.374316720854316110e+00
2.244901442387819301e+00
9.843499336413701783e+00
2.043213319645915238e+00
3.278988783268909746e+00
2.123446941996565140e+00
5.065770167852159250e-02
1.499499902110638994e+00
8.380982529169030137e-02
4.838664790711320052e-01
2.109962964405795172e-01
1.396109231097431458e+00
1.217180997376021256e+00
6.693857807184513398e+00
5.950717911018142736e+00
8.432755263867511175e+00
7.611164037178590469e+00
1.157342546236721947e+00
1.234531725833166060e+00
3.821962351891184717e+00
4.196266306277165903e+00
7.270179307978241745e+00
1.258981312591221702e+01
1.128765706389446510e+00
1.121203194963059424e+00
8.041574368726001065e-01
4.319920121722637951e+00
9.041577377751547573e+00
3.705121631198333265e+00
3.793864083429790424e-02
2.104171955662901716e+00
6.295166761835506719e-01
5.730659575540501649e+00
4.439616615829866220e+00
3.774651244744533507e+00
6.989096915699683166e+00
2.974122721042458117e+00
5.052094128940662898e+00
5.993788619367150794e+00
5.897922939387441943e+00
1.020398905401206946e+01
6.758294735319693380e+00
3.691222326296750733e+00
5.063320019668255956e-01
1.154803350363943881e+00
2.670335839472512518e+00
5.892524423655403965e+00
1.215795915813463424e+01
2.028458095021267837e+00
4.100734602374794591e+00
4.634708301524079310e+00
2.843335813013910141e+00
6.844204526945078193e+00
5.784501124926189064e-02
5.910857879176360186e+00
5.077721136267183688e+00
7.450794019412699809e-01
2.541390912865049145e-01
4.087187814136140851e+00
3.140477819951295491e+00
8.425077910435567752e-01
7.746326241983215732e-01
8.487293468073418001e-01
2.105649064832763040e-01
2.460041867879153799e+00
6.389202023135044650e-02
4.392385605813446503e+00
3.147853261215356468e+00
7.023375247356172801e-01
1.273473395256170093e+00
1.429919061608136754e+00
6.319838844033082159e-01
2.722988390368962008e+00
6.715445419420749573e+00
1.243574402613757002e+01
1.247798687805416051e+01
2.302097352511341288e+00
6.916802342048404384e+00
3.342691229637216210e+00
2.419199549959261397e-01
1.959188558775557532e-01
2.184004191971142372e+00
2.196386392721887848e+00
9.384413217042352429e+00
6.574794074350291950e+00
2.719803932592521623e-01
3.476900830600003101e+00
8.755582050182406650e-01
9.119123678660832510e+00
6.165490908039528151e+00
3.286539971174513131e+00
1.458515306611166906e+01
9.162466956641759808e+00
3.792479092133849594e+00
2.680649535071073064e+00
1.104970732598448535e+01
3.832739597146400667e-01
1.493733087927823533e+01
3.788561738517356225e+00
3.947804267407603040e-01
1.421764234275990901e+01
3.733541166250348375e+00
5.271885761857992847e+00
5.300026444362244682e+00
4.365870586670836939e-01
9.884280849690035842e-01
5.283889558055328006e-01
1.046347373304008244e+01
8.432277148374403453e+00
2.594865470155919951e+00
2.092302784416302242e+00
1.619375848551495300e+00
9.079470576288825256e+00
1.819356896923140177e+00
1.046759487314535519e+01
4.287139073565005454e+00
1.266501457823868915e+00
2.207281618987825489e+00
1.095168308500269028e+00
3.706289709906743779e-01
3.262488987665532303e+00
1.198051987849526157e+00
9.358160260599206026e+00
1.477459398448554007e+00
2.406642904009647310e+00
2.285876958485054011e+00
6.837084636943949967e+00
2.553837527141695318e+00
1.733282483231478821e+00
1.115194449487307082e+01
6.229358605622842049e+00
2.918818295346686131e+00
1.263226991588116910e+00
3.052584864782733831e+00
8.539643813983875953e-01
3.370499238618410942e+00
4.263441090940461642e+00
1.357187432881501232e+00
2.469397971473036968e+00
1.444955722180624402e+00
1.943482345991970617e-01
7.078105553288334129e+00
9.446670493599180762e-01
1.827530412023796735e+00
1.717739810390377153e+00
4.027841169947301569e-01
4.174109164198149813e+00
1.354053389942046826e+00
4.416776960177555722e+00
6.205085884458273249e+00
1.110159937728594493e+01
3.148540689575371587e+00
2.675669391835480138e+00
5.054745614427900158e+00
4.668797845870277463e+00
1.003135993455527597e+01
1.619043276125849928e+01
1.658334934127903892e+00
5.901772480601179538e-01
4.815200031035392847e+00
5.334258200784334214e+00
2.616546662392545297e+00
3.297510660902232438e+00
8.968301686462412547e+00
5.363109954767377729e-01
9.660180345648203826e+00
1.935537248769717555e+00
1.434551073358763196e+00
4.066213681608089381e+00
1.269297187477624078e+01
8.942332891988969967e-01
4.126949758209422225e-02
1.916050079579163512e+00
4.567974177258915525e+00
4.423076787905368512e+00
1.021019951023670380e+00
1.423202818653225243e+01
4.052004485243053900e+00
1.904269916385934458e+00
3.030906940002626171e-01
2.533794962338650869e+00
1.414618763018970604e+00
3.506226446282929121e+00
3.118031860999098903e+00
6.365670779341145114e+00
2.668764090941726952e+00
3.322742479919758019e-01
1.952357499257404649e+00
2.453983937183506381e+00
1.231672960105140380e+00
4.350018946346313697e+00
7.942283122484666613e+00
5.820735575741982970e+00
4.671782144925776592e+00
1.067266998493993979e+00
3.412626496678124344e+00
5.050463632627357313e+00
8.203211622880324683e+00
3.804364278459639870e+00
5.282432724865003593e+00
3.595672452326619251e+00
1.256257392466456624e+00
1.481681582122296614e+00
2.195688174108164081e-01
5.123752122025285516e+00
2.004832232485858512e+00
2.005541234275181939e+00
3.409377830564975786e-01
7.334151451290037427e-01
3.717615920028563004e+00
7.359005276427130204e-02
1.368684503559186583e+00
3.273309237916975922e-01
3.877069930043040014e+00
2.079816633999389541e+00
2.013596030026852723e+00
2.693677303487397867e-01
1.746364869483632631e+01
1.593623034813944350e-01
8.336121402955544157e-01
1.891747286176787224e+00
1.576857340111086081e-01
3.051978083332270719e-01
9.615955027127770505e-01
4.061230308739639305e+00
1.790083429126137771e-01
3.407976803719108716e+00
1.352440334257016596e+00
1.834343126311617000e+00
1.019481913291462938e+01
1.024529375968393774e+00
4.388076953403591829e-01
2.907494280280964905e+00
6.226537991228244806e-01
3.856127781737141991e-01
1.383237554559965687e+01
1.943958369354437332e+00
3.094953715935783722e-01
9.882090854536336622e+00
3.282945513033107332e+00
5.359613660785175426e+00
1.067375238489089773e+00
1.603362379450645037e+01
1.769085069028102808e+00
3.593519967104432666e+00
2.463061281246087919e+00
8.711284131921184226e+00
9.933047698503074230e+00
6.842292553560290536e+00
1.039116662196591268e+00
9.097879748095405006e+00
2.584608160594219051e+00
4.560059203621296575e+00
5.964155949909766968e-02
2.777519498938419984e-01
4.603460607021880868e+00
1.208411248316689957e+01
1.249875685619696641e+00
1.861496542213098682e+00
9.490263179771870838e+00
4.340849567696970723e+00
3.273440017740436581e+00
2.410631340561073088e+00
1.037952897804153424e-01
4.456036500221564722e+00
1.226945107081715669e+00
2.613156041783240457e+00
5.405716704690009422e+00
3.921107208185505399e+00
1.619735434370043192e+00
3.349916439385586919e+00
4.983660898355935842e+00
9.585512479256588225e-01
1.338047074780068613e+01
2.886006690794875151e+00
1.870071134592166473e+01
3.839067714110815377e+00
5.701983468071613048e-01
2.860681142902065766e+00
1.244252067335305689e+01
4.630397888857917366e+00
2.782057728228244375e+00
2.465996244428285689e+00
1.251561815768923225e+00
2.561851496775003234e+00
4.101503737469172961e+00
9.393180900350516893e+00
3.436718520035427105e+00
7.451876974173361035e+00
6.665439141689628588e-01
3.765960771726693412e+00
4.887444199369063824e+00
2.227566006419377409e+00
3.282713089747001156e+00
6.380654876516929974e+00
7.117541063585309580e+00
4.689309442647338955e+00
6.444495087294608737e+00
1.530023500643356460e+00
1.721536749487949081e+01
1.818751633850250471e+01
2.237799931459117708e+00
7.976331660444719418e+00
8.235477204990909073e+00
2.805944216638805333e+00
9.452373888274888669e-01
3.926225796426467518e+00
4.107601676587191442e+00
8.636299974539664248e+00
3.930908464988216444e+00
6.068459035735714657e+00
2.039340747965315170e+00
5.684380848347448278e+00
1.213840254788370920e+01
4.430011393727370184e+00
5.646148320305755419e+00
5.368013131224760315e+00
6.967209286366716547e+00
1.048215765963915747e+00
8.119203849949199636e+00
6.730660057299763466e+00
7.278856616434204341e+00
9.301911382086267110e+00
1.057259954635101629e+01
4.568859369698585304e+00
2.389360496757293006e+00
4.725373065531170980e-01
1.159640346126682653e+00
1.424161418572357896e+00
1.219414381096930233e+00
1.119900005548827515e+01
1.984327492399798132e+01
2.667305796323113487e+00
1.055619972993637212e+01
3.482672870856388769e+00
8.410062062246776549e+00
3.771910021730315865e+00
1.259277981779829503e+01
1.672223812503099083e+01
5.423710551206851527e+00
9.931817379311061345e+00
5.237423724157370231e+00
3.245813200374328300e+00
1.871710155780103912e+00
2.660059953001466138e+00
9.769398529801366138e+00
6.569343156513275162e+00
3.686363490320460734e+00
3.357782540874155064e+00
5.605179533711881490e+00
1.620437206680910291e+00
3.190275433381960291e+00
1.568721969369665098e-02
1.037844999658862477e+01
4.829922435389657487e-01
1.004926304128562364e+01
2.657524495538039488e+00
4.160038271136083488e+00
4.437720160722403939e+00
3.325189869428930578e+00
1.915407487093750971e-01
6.036678533360514187e+00
1.509573594981376887e+00
3.178618503599150102e+00
8.993316088376478445e-01
3.652978442697903283e+00
1.837557815416083873e+00
1.451334545597123160e+01
1.351425366128509609e+00
2.680085677950740042e+00
6.068777637937750491e+00
2.706302591020289805e-01
3.327419753677992809e+00
6.016284150355498683e-01
4.716653928542549501e+00
1.283868549419257210e+00
4.172208062681822760e+00
6.777915117812637336e-01
1.560102958257026273e+00
2.627267423088844200e+00
5.837531991938508469e+00
5.836677221198431020e+00
4.600002791916566025e+00
1.241556592192428532e+00
4.361561637812617853e+00
6.933784142482710133e-02
1.276927369385651723e+01
1.385028794175736655e-01
9.984162270678932360e-01
1.353112992515043134e+00
4.121531688997862736e-02
8.977975794163151946e+00
6.008406871346680944e+00
3.783725220745032924e+00
1.174859828125349948e+00
1.180241378720195122e+01
7.070843750921005366e+00
1.757081931253030049e+01
3.225236599495009404e+00
1.400046763988447074e+00
8.161767903190041196e+00
7.858133885653904471e+00
7.736545245104156088e+00
3.979918272654563882e+00
2.040399045991974636e-01
1.453047229318588984e+00
1.992932564845133481e+00
3.708728110404055922e+00
9.179304158763837762e+00
1.270326096184644094e+01
1.249723211058037009e+01
1.138857617208565287e+01
4.470803369292324803e+00
2.506256019029403426e+00
3.890530584560916605e+00
6.542215806141211232e+00
2.083676480835309430e+00
2.772973559719895675e+00
5.777823082008940681e+00
3.754433880451079730e+00
1.492548494342155196e+00
5.516781652838713690e-01
1.962822939989362681e+01
2.903315695808484254e+00
9.714283873566817107e+00
2.582511861248615315e+00
2.036413640901198363e+00
7.326945433514247874e+00
9.654248190185576561e+00
9.358510599323246026e+00
6.291162482968727376e-01
5.759463722169102518e+00
6.059139427492956642e+00
7.413019214064781259e+00
1.851016201119813243e+00
9.809780936238679416e+00
1.199490156295438048e+01
2.398328333479020635e-01
1.105836493448979718e+00
4.238060893785639216e+00
4.337992177844586905e+00
1.662545019553404169e-01
1.228756663398136606e+00
2.297775289536873711e+00
1.339879371419737897e+00
3.181267363551079641e-01
5.253348687631487657e+00
2.129222274403199944e-01
1.390199047542138300e-01
2.130919114043527518e+00
6.268204635747697040e+00
6.765674377812533002e+00
2.315090955467784095e+00
1.325612618361996020e+01
5.223043311624522289e+00
4.257623180320985412e+00
9.216208328525176796e+00
3.852617537922054414e+00
4.913989746910260692e+00
1.613139747205688579e+01
8.411119746782091511e+00
7.246602752302172545e-02
4.450609603913358470e+00
1.291333505625499867e-02
3.016219578326344131e+00
5.432741438715917859e+00
3.279720384619029261e-01
5.301615229414811115e-01
3.813028130282083428e+00
1.159433545678968258e+01
1.729966240000860023e-01
4.074965808900136821e+00
2.603653832547036195e+00
6.054259082166460360e+00
4.906525458244077598e+00
5.852338305504089178e+00
1.183851683051241555e+00
4.641138785989184612e+00
8.065192025921226193e-01
8.398191774725249914e+00
8.680921764480853398e+00
1.773440786973662364e+00
1.467408400095252219e+01
4.416180275977890979e+00
2.435801177613359680e+00
1.023361588805587363e+00
3.060442682715902585e+00
1.114664556940230478e+00
8.132983431522012197e+00
2.725895118382431481e-01
1.105278313641472110e+01
2.073859912470171096e+00
1.632357496857939960e+00
4.899926642759916962e-01
2.178023541211510761e+00
1.182493462477878010e+00
1.572960103846117619e+00
1.560726229387149555e+00
8.788857588344599625e-01
1.060893655667066171e-01
1.721394717777909866e-01
8.529856344672468893e+00
1.200983577327646756e+01
6.048442576476550370e-01
1.075504576506399523e+00
6.822984214903913269e+00
1.281297361524186584e+01
6.266713554097134153e-01
7.277355605341668809e-01
5.306354939890242761e+00
4.620592635213448318e+00
3.850939210790018219e+00
2.800563964930820937e+00
8.717063731034727425e+00
1.554228925434185982e+01
6.039608216993361367e+00
1.011852933691764989e+01
3.054332289918919585e-01
5.290027493495178312e+00
5.407902583997925561e+00
4.295579538869078284e+00
9.035448122300389073e+00
1.108665758707030990e+00
1.652916057403620353e+00
1.197130546935076723e+01
1.374421920638289052e+01
1.822987420373893830e+00
1.501227527203129242e+01
2.493758301066691718e+00
1.474775419434107704e+01
1.340276978700014254e+01
1.037001483263352242e+01
1.540691267927551400e-01
2.208829444202557113e+00
1.030729346870703544e+01
1.987336390347323345e+01
2.876529126914930234e+00
1.424566302365157533e+01
6.524989255240277508e+00
